commit_hash,prob,prediction_label,true_label,cluster
6e710a1f78a4a733020a4b2d1f07b6fe4c6684f0,0.45216215,0,1,0
951b253fc38c09114d0fe273a3758a15c151a8b4,0.6186929,1,1,0
f3539c7eb312b127122084279002d3fd238c9a17,0.35583243,0,1,0
7aa5ba380ef6aea0f2f594873b4c7378adab0f18,0.5359076,1,1,0
def1380280b9be6d166d3938ea4b0254e9b55dc9,0.5333726,1,1,0
cc06ae9bf7a1fb6cee46c40d2a6388ac05d3f5d1,0.4461756,0,1,0
7972f1ac1b85a5174c9f293ad98abc87edfe42e6,0.38739958,0,1,0
bd1c4ff86fa21358949e925274f5b8146f5d02cd,0.441368,0,1,0
be2aa80bc371d600ab2230c545051ea6454577f5,0.57081825,1,1,0
68b033741b02c3ae54d649e858790732bc5c2d27,0.37620127,0,1,0
4f5d25205a9cec988de300a452d641a155406b79,0.37206176,0,1,0
d1e97bc85338c563f4f732bcf917a08b3cbf4792,0.5572633,1,1,0
d40c01673e866c3c3b5b51bce66e9518924cc31c,0.43268558,0,1,0
5f7d5690a97b2ad95bbe381695638f0c7ca2c4ff,0.29075858,0,1,0
8d340a008767c5d954b7539e825b4c90eb15ab9b,0.54446614,1,1,0
84e490b66f61e11366b62efc42e64b60ae7db35b,0.45596874,0,1,0
fc939bf6838f4bf986e0b42fddee3df6712371a5,0.40704313,0,1,0
5c798eb50aec6040f415b6def1912d4345f8310d,0.44568366,0,1,0
d1758567765117cd395ea47319d3acde7fc663b1,0.5012772,1,1,0
517b8beb06f63301629f0ec3f58f6b667061d3fd,0.6540302,1,1,0
5c715cd84d600c0df0215846efaece2ab4673546,0.31829888,0,1,0
dff4cea14174548f52d6fcc66c9bfd7a339b7336,0.4838654,0,1,0
02ae34d1d3f3c9f9c25160cb14c119958f25af13,0.20534886,0,1,0
8e0e1c32ff1ed1da4f09fc9917812e6457e6fef7,0.5453814,1,1,0
18c5b2536c114c86b810bb3ee94474fec596a462,0.062145658,0,0,0
c6e4d8c9f534d3e70e79bf718e40724d56186109,0.5430521,1,0,0
5b5ecff53b50a67179f6245bf60047c59f027e26,0.3638389,0,0,0
46dcd98ceb70720f96d4cfa23b001ff108bdaebe,0.3345014,0,0,0
dcbfc80c4a14b91194fc8b74760b079cc0a4ce42,0.30645528,0,0,0
23492711d234f2fa647bac46997e361bcf985423,0.5244038,1,0,0
f10279a29d47d389a31da907695673a992555adc,0.55809516,1,0,0
8d5925b52b48b4c69934ea5c48aa298a2ec74e84,0.32411492,0,0,0
a30aafa016409048747fe9730d6f7892eb12d7c5,0.38537017,0,0,0
a3611513fc4de7234ef49ae46d646b0795ac7110,0.27034655,0,0,0
d0eb1d1dd1d9aed27c433d78a76962340fcbfc1d,0.4098809,0,0,0
1ae9dfaf45e0a51ee7d604551f7e1932d1787975,0.3922822,0,0,0
1c2d56e8a91b0f64317a9e02cfd4b45b03d3019d,0.2696192,0,0,0
2cd92aa6e3f44df6b0552a28b83022a7f92f8946,0.34345347,0,0,0
79ad715f02e02af76da0c6e47c164a80768a01ab,0.32101163,0,0,0
e5b948a1687270192753993c998d61c7a91faf49,0.28968486,0,0,0
b81a48d78dd9be1c3eae57cece4c88df92c30247,0.24172333,0,0,0
0b873b95a840f8cfdb51f4ceea3b524d46d20715,0.26250827,0,0,0
e350a38760c93e373562d6a3e906df5904250146,0.5647555,1,0,0
660431cf4f7e2bda887a0e35ad3a76bdccc14110,0.314101,0,0,0
f65e9aa63f8f266023a986507834585a9580c555,0.06575849,0,0,0
535cbcd9f20b29b3c5a5d69f654cde57969b3788,0.07949278,0,0,0
2d650f890ff1409f2944bc56cdc4b518b35e06f5,0.076968,0,0,0
1c4f7bde1c8f7d8c0e09484daa626fa4f40e38e6,0.07194062,0,0,0
b9a22fb6f6f460287993d3cf087ae5ff036a6c21,0.21974534,0,0,0
14d6a09601b68f60e6b18142b597a6890e5d581b,0.33806205,0,0,0
54fdc54dd24c9ece2bfc32ca12e88545ec923a96,0.32789516,0,0,0
0ff7c091143e8326eb88dabce078ca76778a587b,0.38820133,0,0,0
32ed6601f216dd1300876719cce837bfa9824e26,0.29800284,0,0,0
7df11e15457e8d8bf4e5730d20ec2412c429e091,0.48166278,0,0,0
15f7f84678a24533e42f2fde230c5f68d1b33035,0.3434906,0,0,0
2499f70cabfc8d17f2c6de124a81fc0940a70fa9,0.42745692,0,0,0
6526a5e83c1fb9644da34e44fdc5a3bb8a357c84,0.43758053,0,0,0
5904d90ade8663f5552b51036740352a9b796892,0.041078087,0,0,0
fdb75911387f77912c37dcee0af4a2f2e0977f3c,0.09432856,0,0,0
538a97b115ba4ea44c57898ac7c4fbb77fe0e9b7,0.43153238,0,0,0
fa0478f4f6fb724233dc3e00a9f8dc557ce7cdbf,0.4426822,0,0,0
ec81d7ca5100fd97fe8428db02a2cdde967ac87d,0.41854167,0,0,0
81c40b9820625d3f529b116baf6b4a3d45dd2f75,0.25596303,0,0,0
2b085ae34295d5ae1d7eaea5a55a2df220bf1bed,0.07467203,0,0,0
d6a354e203e4901d3eb6a36b3aba620fdb222da7,0.094244026,0,0,0
37787b96ab21fc226ff267aa26ae58a58b2d20f8,0.050290056,0,0,0
f2f704eabee027175b0c1eaf934c08e7721a9b24,0.4386386,0,0,0
e1fc87d2d57c2d7ee941e651f33b582fb000dd73,0.09536419,0,0,0
fa8f024d082998c7ae48b21f3eb6f8f2ca56a719,0.5703673,1,0,0
6bce493e47fdac9e64a9ae1cb3c358f31975a43a,0.44794488,0,0,0
9daac904cbc627e4a43e72f72159c552b25caf74,0.29464173,0,0,0
658d5a97c708a926b0425585f9437a0c1fc2b81c,0.42897162,0,0,0
db695fe90b181948f271e4970ec83d4de9348577,0.48101228,0,0,0
9c06ff87decab7357d44d8766f6a277ff887d921,0.36759448,0,0,0
198d448ceab2bc061d18a1a689056bd2b96b76c5,0.03841693,0,0,0
46b15af8c5fbfb026be350ae16eca89fcdc87aac,0.12070131,0,0,0
b7e86cdd772cc47a031d187b79d075af8155c2e0,0.25542504,0,0,0
198e589e62f687a91d4c27057ebad918e9f9bf3f,0.37283495,0,0,0
fa510146c09a498e25e590ef5cc558074337fc4f,0.42153606,0,0,0
badca06dd1c70207215c7186a31955901b637661,0.35815737,0,0,0
91ac1574aae31a29baf883d2cf45e4e1f5aa9bbf,0.45299292,0,0,0
82ca28e2ec8fe9771f01b5aab3386311ecab80df,0.29663244,0,0,0
9f8120beb6b351608652002e057f97f8f6c0dfc3,0.483588,0,0,0
c66b23747627a2b432e0068561d457cab9f97ead,0.54160535,1,0,0
a6a5e3033d424468cbd3a6af051aabf3b5bd4d00,0.5257029,1,0,0
2902a9a3c07e881dd7aeae0a55189facfab1966c,0.29531378,0,0,0
fe487b3336f8279d8b74eff05c5ebfe6e01281f0,0.29504126,0,0,0
3076802a78f14eb1b4f23831d5a1ccec79b26554,0.32794186,0,0,0
5063d256221e7fe8a8c433401bea988d7ccb0a35,0.46263975,0,0,0
a6b9ca3f71d44dbe2562e13d63e4b30fcaccdf50,0.34105855,0,0,0
81fec3193ad12a0f78eb021c4a1548484595860b,0.44250754,0,0,0
902a680951f318488a4bbe0184a3a223c5709b01,0.4167955,0,0,0
b84f786db6d85cbf9973adfccdf135cb71824b87,0.36851075,0,0,0
a2b5c7a9aa0b5f617502bf6003d43913d507a11f,0.5094199,1,0,0
571725cb7bcf091b5457f1e2a857aa51e8a70f7e,0.06994683,0,0,0
10118c9c1b00d31868d6ab43e8171e3c16efdcfc,0.32411546,0,0,0
ee94e6d82370b6b6086cae2693dc2fe31388fb64,0.4834392,0,0,0
dc58a824466ed492fc6d5ab11960eb86584eff26,0.4112017,0,0,0
56c04300e8f05bdaccc2ec60fc751c09d86b7b68,0.3572842,0,0,0
03542311e2a461f0324ec700e98e78b5540bcff8,0.04529547,0,0,0
4746531428aaf9e3ae7d505b5a203350d138ea41,0.5075231,1,0,0
05b14fd01e43ab8a385bcfb53102a270ef2d9375,0.42250404,0,0,0
77868bf772a03d61701bc0d32dfafea63a0382c2,0.36521637,0,0,0
83fcd3e1e220b9f3aacc63aeb4da0a898684dd0b,0.0670731,0,0,0
dcde20001063fc25f622e4b1c7775f735a7255f0,0.08621013,0,0,0
82bd5be8735c01a767fc3ebc3eb92369ac68302d,0.45122567,0,0,0
e1188f368087ba4bcfada44d645e4f8661d7f9b2,0.39723516,0,0,0
2c03505da053d07cd3f729692738912bdfc2a5b7,0.39780515,0,0,0
3fd058c02a1f8881110409be33ad56d3af6386f6,0.43911046,0,0,0
bb3ddfe426cf4ff5390f742d35bdba02a4ce7624,0.3873203,0,0,0
09b1a632c17b34650d2bcf748be14690c9882e52,0.3241695,0,0,0
539e1ee1d68c27defd0aaad09a1a0b68e059de96,0.21954228,0,0,0
da69323b29fe8e373364b9399bc67523dcf2af62,0.05086277,0,0,0
c1ad21bf966d01dc5cceca82f102c0f7843d5617,0.053632364,0,0,0
efa756288e712849c78c4230df05c2d1abeba91e,0.28391218,0,0,0
2f757454dc41f4d130234aea68b348da4f12a0fa,0.2585532,0,0,0
24b5e00be753889e4907473ce57271acb290cb67,0.40347335,0,0,0
7f293a06a0b7ec9b554d51f150991efa9b7dd54e,0.24419375,0,0,0
95a524ea06e546330ec3d95b9c139b7edc599b86,0.14806661,0,0,0
314dfa80d4e815ba3c689cd3ad0d508209665bf6,0.23381753,0,0,0
c07d659cf8f7b16452472da6052a1de326bcb6a4,0.132358,0,0,0
545536e34f180edd32fbb21b0a5613e6407f0980,0.08635137,0,0,0
225afb8bad88c9bbb70b24d9ac3c28fb21f39465,0.3104193,0,0,0
041e9565ab8b187ad0b88780a5fc0a5ea24f29a1,0.33044517,0,0,0
c4828bfd09ea8c579fa8840cd77733c64b8ebb39,0.13384704,0,0,0
dcaacf4cae54fe199055830f097d4ed504b3238c,0.070087984,0,0,0
6f22f4b49c2a3a59840d28e6cbe0c37a56ab1f90,0.36629117,0,0,0
41fefde64401d2173ff019a896c4dd72b4fa5636,0.41675383,0,0,0
080e96a6cdea2f5fe8727b8249044b89bc54395d,0.3776371,0,0,0
497147e3e6ba0a50c32817e14985ca5bf1041f9d,0.051671,0,0,0
40708bdf04dae6aa49bf8f3617f2efc16c83c5f8,0.107658766,0,0,0
84ad767a87c69a265e9105c51efdd87ee57b8635,0.22849244,0,0,0
f0e8d41fc8cc746ba9b66b72646db6bd8b25c6fc,0.30988196,0,0,0
df5930892d9c6eda392b96bdae2e7afd342f7866,0.068709865,0,0,0
0cdcb1fd8df9e9185cd3abb128d927d25d7de8b5,0.41019398,0,0,0
cf15c51722dd4b406876dce1ccd52eea787d84b7,0.4956496,0,0,0
b691f81b482175665b45cabc056e58ab0df03ff8,0.031349696,0,0,0
fc8ef4d22c95b13b907ed14b19cea8ff5fd1e653,0.31052122,0,0,0
8054f746bbd6191f5a297cf6f7f26f9fefaba307,0.08093394,0,0,0
fa21d6f7e70f057c42d4af9c40ed47d3d841e5b6,0.31737056,0,0,0
bac647543497f0aa2a9f92fe726e1eb18631b4cc,0.40960544,0,0,0
cc6ace18900eb92606b6a312cb1ac5c4ab5f435e,0.40124413,0,0,0
c947676916c99f2feb5e183aef9629a1b21d863f,0.5885691,1,0,0
1f3dd9ff8a4f8302eb4c0bf4072d2bb7d8aeddd9,0.33089703,0,0,0
ca7f64f016d8354aecd38ef73405e1b3267ca791,0.22059016,0,0,0
06005610265c342b52051b997a43ad6e963c5a0f,0.34310073,0,0,0
4a8068579ea5bf1e637f8bed09a203508abde315,0.040346168,0,0,0
30c217ec400b9175e9490807748ec3e48fe2ba22,0.060003057,0,0,0
d80acb29c04a8e92a3ddbc539b0be8a521098870,0.030021295,0,0,0
e43138b0b5f0912cb358c0e73eb6247b273eba75,0.191826,0,0,0
1b84f2ee7a41e8ab12faa73130187763ee5858ea,0.051040653,0,0,0
4b5ef21ed6104befc80e1dd501f964e7ca6f1ce6,0.536628,1,0,0
c6c1971ca1fb5054a0847b0884488165606bd703,0.33030295,0,0,0
68e0a9c71443738b1842e99925d37bf545f5a151,0.4064931,0,0,0
7ebc8107a22038c06c0b0ff095f9f73d854e1422,0.4476754,0,0,0
9003b5b5aa4465e84c934819f45c1ab4365dc51c,0.31672096,0,0,0
4b8647bf6ce2b478e6bc90d0158ce81939a14378,0.50561494,1,1,0
2d1614a2077eab0b981d4a0c4c6e10a7ecda71cf,0.5262224,1,1,0
3631295c437c5b8915afc7b2b259496eb2d5d782,0.64661914,1,1,0
b12610d35e7798c66fc1d9b0811d10aadb87569d,0.48628607,0,1,0
f3a785108f853e327001dcd435e92525d7fba96c,0.5980363,1,1,0
881a4ee8db1e1826b749579d2284ace982c953ca,0.48490584,0,1,0
e91d0f0510ee8d69c76ee89b4e57341418866c6b,0.40468583,0,1,0
8f7c59ce888a687a6c9089caf0c5469984a073b4,0.5604764,1,1,0
3c644cf87ec8c0e6313b3a10b6cfd66279b8093f,0.48608652,0,1,0
fb7e1e265dd9e560b3a3127a6593b6602f60026c,0.5045784,1,1,0
1c9c43c1d4bb76d7e47cdfc9c6681a38305a95e4,0.49718827,0,1,0
18f181ada7826542725fa4a9460307d606695b5d,0.4414646,0,1,0
bb7e8951cb6ef08ca9df5fc036217c3a45c4d33c,0.20318261,0,1,0
e280c8636792c5426e54868d464c9d28287a98fb,0.25343546,0,1,0
54a7796ff234a9cbd2c66f8b1e5621f0898402f1,0.055208515,0,0,0
8e5867eda8328e4cb2e103d098d0c9f3c2fab50e,0.11929453,0,0,0
e42da5d9d21438c220768464b6a1f5b36bad92a5,0.4298452,0,0,0
c823ac5673e9da094a3b24b99987a533c548dac4,0.41871926,0,0,0
7573e9eec065ac1ccc2134aa751a191da3ca3dff,0.346114,0,0,0
1cdc902f3d7cf877b4db7a31f19eb1dfd2fade3e,0.5216004,1,0,0
e9ea52189a92f7e2ab051e4d75c4e0c872034b18,0.36036548,0,0,0
ab0a2f761f4529daa0a1e7128ffb8ae417a0104d,0.44723785,0,0,0
7ebbaea90e8002f5542e22bbe92075ffb5383d2a,0.4599048,0,0,0
721730b00b1dc2ea616a3e7958e4ad15134de975,0.44799438,0,0,0
05aae985d9d0e26cf278cdd6f69672ebe3f8ed92,0.379808,0,0,0
f7222ca6c3b6c1018a52fd649029394e6608f1db,0.41223088,0,0,0
b285f17023da248bdcb3093283e4b9e930bdd09c,0.17267266,0,0,0
af858a6ca224946195b1923a780678b20cb99603,0.52846336,1,0,0
fa027a4685bacd9e32b3bc7d875717b4457f6829,0.104381755,0,0,0
edf56632b8a5413f5e0adfe2d1b65e595b88a1d0,0.39056572,0,0,0
58693fbcb3236a9adb0f47088d88ee3ef7178cb4,0.10459275,0,0,0
91291520cfd5f6c2c91fc242018860c5d1d277e4,0.24533314,0,0,0
7bbba6995a12412cd7cbe1ca693057c5299ab4cb,0.11969791,0,0,0
ea030e732e3556a2a4fa51bcaabc080927ddfa48,0.48332515,0,0,0
310008f48c0a830138d35b3024106560d55b6bd2,0.42327732,0,0,0
ca22dac3f852c7290f60c3c3a5d66fbecfba91f4,0.35822177,0,0,0
bcba29320f5f6f860335266d6be8249418ceaedb,0.14985575,0,0,0
9dc30fddc109504fc80fb62e33554d54cca47faf,0.27750078,0,0,0
764f56955d499fae11db1aed6e7f0d2d0886e6f9,0.31483108,0,0,0
2933e5773b1d64a9348024b2a6e8dc6dc90e6590,0.37537342,0,0,0
0fa8bcc008b6a011d6fe41e64ea4379d0b57f20b,0.05430879,0,0,0
7897aa6a83a5e63da487e72c2735fb042259f6e4,0.5829994,1,0,0
3b501993588d27d91ad526a436e3a10ecc8d6e8b,0.30721793,0,0,0
b353d07bcca9fb62ac387d69d3e99004e27f14c0,0.58982116,1,0,0
6b43922648fe2dfcb4cb1aaaf5d795f00a6aa174,0.3205126,0,0,0
b268dfbb824ef307862e489aef7e71bba4cdcac5,0.26942185,0,0,0
b957ee1646d893fd946a8b9a53c779957ae7a240,0.3292316,0,0,0
996c0c164a083c3dc2fbf2768750e3b3a81d77e0,0.050103452,0,0,0
12ddf37f23cd77903729b3e611ffae10e96ded47,0.48683262,0,0,0
7e6304ce63da6c6341cb072abfd08caf0456328e,0.40739933,0,0,0
b9b73fbef5c0f18aaef22ef60442518d7f23ec83,0.42903903,0,0,0
675d4c8fc848ec5438e48deb2e8218b6f0078814,0.06582893,0,0,0
dc666f419e691e6a04342bdd9cf2e899455a8738,0.41076747,0,0,0
9bab875f03ffea0aacd1d92fbbecc96d491c1201,0.1373168,0,0,0
8d3d915dbd0ccf716f0d15b6b2396cff214d9cd3,0.38892817,0,0,0
326beb22c6aa872cbc0ad3706cfbe706bf9eab41,0.04726029,0,0,0
ad882055edb50369bd174ae56a372838aa89cdae,0.43309015,0,0,0
a7363a2ae67b585790896de45f57154474480fc9,0.28963757,0,0,0
2bc9e7ea86a8cc1c3b2436c46115c87080228004,0.42791685,0,0,0
76f154179b8dc6940355d7fe7db468314ca39e84,0.12568624,0,0,0
4080feff61e8dc1cd4af2361990c33c9f1014147,0.40076485,0,0,0
97accb47de63ee5063eda23641c6017e29ab81d7,0.4596292,0,0,0
cde43197f980538e411d851735ac7a63ddd613e1,0.43948862,0,0,0
0dec6e76fb544fa3e8bf5fd17f16314735971dd7,0.030287461,0,0,0
f820d06fc0d1204b0cb386214ffeb42ccec669ec,0.20185219,0,0,0
566c4d59a177be4b65d17540576eeb34d28d24ce,0.40046075,0,0,0
a516976947341e0e18bcc0858d85d34cd0c02cdb,0.2653431,0,0,0
7200c43dea3dbfbd9d38b937c44b6e71744b05c5,0.23673211,0,0,0
596ccd59a11ad5e9fda19ccd0f4fc714d8d3394d,0.07352956,0,0,0
301ad592142079d36f4d33f5309c103c7f4f5dfb,0.33420557,0,0,0
f8a8ea748a0b3015490ccecec7b97f0ab2daf9c4,0.044631675,0,0,0
8aec465b44dedb7deacf80111ea5286914093094,0.29737303,0,0,0
34f3f4196084768b2ef6b3db4608d8eccec50364,0.21026228,0,0,0
c53f2106109153eda10c47a6960a5a579d1530b8,0.2777383,0,0,0
17f52a2e559e68d5c6ccc98fcebb5523161fd0ed,0.2831164,0,0,0
fd7a4362caf2cd69368a38f2f71ffe19706e341c,0.6297974,1,0,0
753f278d10fc0c92e912965379401ac182644101,0.5737346,1,0,0
491786ce4182daa57ea61deaf701f756f57f6f1e,0.062535055,0,0,0
de73ad3115c19d5f0771754d233d74055a2a10bc,0.05388487,0,0,0
d5f586bd4e1a20fc09a33aaa5c2b9320f4a2aa72,0.38504708,0,0,0
8d4fd1dabbae4d7ebc2b273af9275ef8bd0e1ce1,0.19911546,0,0,0
6e5eedb3fcebc5894c41733bd26c8b4d9197873b,0.2572885,0,0,0
3b7d0b95466139a147fc504b7c18897dcc826c65,0.28866464,0,0,0
6a82f92584b36e28798479c82c0d3263c6347b90,0.34278283,0,0,0
b8e9475505fee98aae2819c03a33c7aa3db843d3,0.27828598,0,0,0
a14acdf6395f588dda7597bb4c7810dacaa503d2,0.26248103,0,0,0
85a20aad64be04127106f492e26f6ad6d6c228c8,0.40882546,0,0,0
1325e114108136eea3fe77a4a270a2da7eff98e2,0.061831344,0,0,0
bae46709ecb13f80aaad0d279b3618ab83d09275,0.056461282,0,0,0
dc5f850d1d9b0b952b7f0dabd6778cf0f7675cba,0.27585715,0,0,0
b4abfb93676fb0abbab1d9bac40ba2714a3872f5,0.07353932,0,0,0
9a9e7268162f9fed146c74a8acbd234d9bc2ed84,0.14469402,0,0,0
b262c2359c9ed53dae3ce2ce7a0092273f4eec65,0.20591673,0,0,0
c30b59103b6f1390b0040ee74b985248e8b1b849,0.25641352,0,0,0
0f36265123605cac6af05b7b8c8f4036b58f4da4,0.30890587,0,0,0
cb177b56b7664ab323558545737646896f4d7e70,0.24117456,0,0,0
15bdcc3be2b84f68ddcd822da52ef045ed89e57b,0.29304922,0,0,0
6a8ba1fecb47e5ffd5387654d0cdb7c372ccdc9d,0.13198045,0,0,0
75efbfd6b21ab36fdbc440bc001c133f824bdc3e,0.3571634,0,0,0
f7e42d2ccf949a5893a439227c8c6bafd2598f26,0.4440104,0,0,0
c7fcb448c99ae5fe9db9b217bea1233df3ee6e57,0.21840642,0,0,0
d0721feadc1e0cae6efa3e0d82f523debc5b8d97,0.2909428,0,0,0
5f47ad718e0ffcbbe6cd2f8d32b2e345c4af3a48,0.28686067,0,0,0
745d383af12137ccbcbe1f3cb4c9db73f87a66ca,0.11697152,0,0,0
d746a54c2ee50711283bb49e557f58ca491e1bac,0.07533389,0,0,0
a56d4998cf16ff08f5593fb7d4dda66ca05dc269,0.13581204,0,0,0
03e65c98da2a0b2e27b14713543c2a61d56b1237,0.0658062,0,0,0
0d3545e5f68d024cd4a05724a15746d8dad986d2,0.3265247,0,0,0
6b1b592887d9ce95fb5af1e216bff56b18c7902c,0.2842159,0,0,0
ccd0fd51a5712ef1d85110eb61130c906fe4db13,0.36292225,0,0,0
d98897b11e6f4adf1d0a91591b1bb6be501cd29e,0.3737239,0,0,0
4e08e17ec536038c9c0dd888f77b912cae82816c,0.13829266,0,0,0
86eb3a2fa74988e4ccf3aae7f4b77edb84555320,0.05254936,0,0,0
45df5da2640f8f097915b8a2a0249ef0f6cf514e,0.33601746,0,0,0
76b7413d2b1eb2dc22f05de5b76f9519be5142e0,0.16768216,0,0,0
bfb3cf8bba6aab198c4644e236bbc9f3807111d0,0.26529053,0,0,0
093e3bb2e3cd9992f3f0d14373d406bb9b2ed36e,0.39632955,0,0,0
c440f668aca99266b5379235f6d99d378630c938,0.4354936,0,0,0
a1c5a582760c7f65572d0883fbcedc843332d7eb,0.38493606,0,0,0
0a499402d707bc8cf775d7f9b3840780a7401f7d,0.123748705,0,0,0
8e4e5221515f820108f48396a18ceaed73de8dc1,0.28847206,0,0,0
3a4e18ddf151a624eb5c3596ce8400ca4679ef97,0.3480646,0,0,0
8ed40d530295d819e0ca964b2d4542f6ca6a9929,0.24786244,0,0,0
a6abb8b00355db97486ab5023305c3f4e9e19ad3,0.06782724,0,0,0
b494caa01985c623601735f1bc10871cfb8aa048,0.17915338,0,0,0
5597ed7ea300ae3d08cd893b0133bce26038a7df,0.1239808,0,0,0
002276ea313fd880122502e9840b43f996acd537,0.538111,1,0,0
bd5afc0b5a977c168cf046e3244477b48fa72c5d,0.40566882,0,0,0
b313ae68888445f4c08521bbc8d19f39310c6890,0.39602846,0,0,0
a675ca7802065f459a96bdbd593d8dc491180cbf,0.4643163,0,0,0
8be87e032a8c05622148357f30bdca3c614a669f,0.34701756,0,0,0
96eb80efe1da48f37846aa899260aa0c84b15944,0.087664716,0,0,0
75c2b24c681e314c4e4e07243b31430ba4e42723,0.4476658,0,0,0
276e22858cdd56f5725e0c2f7a3522df99967973,0.18893306,0,0,0
471e6b078a7891aea99b77f200e828a7b1c9bc00,0.07237584,0,0,0
6d7ee38ceed6b496d70502e276f80be6de618014,0.30077305,0,0,0
5cfd99f0dcd0d10689e480f0854e859079f125d0,0.075102754,0,0,0
ed6c47dd9ebbb2e38fb3e17a2b961f0fcf0e6df3,0.043113705,0,0,0
1fe7a43505aa9d00bd9dde45aee77935a5147561,0.47869593,0,0,0
387880a630c65b955a3329a2f7b987214c41f6da,0.2521233,0,0,0
cf4416a84203ff9d360d4398da3b166e6d0c72b9,0.07343923,0,0,0
a7fe613853516f0abde34821996a0424882bb919,0.15306191,0,0,0
7a8a7783315917b56b6a71c4f28cec4ed1d91a7f,0.42689422,0,0,0
9c545d44a4a703c88d417a6fa43298a80ee67735,0.3730279,0,0,0
4f73871cf40b6dd05c8872d39246c67f798ed915,0.33503324,0,0,0
41f297809965523fcd021bef20b304b3584d9b4f,0.16843763,0,0,0
03178c8b15f1b522b98ded0f83cfb0e79f5ec4d3,0.07322286,0,0,0
f70741c9b216d3836d047c542847920d4778cf9d,0.046390016,0,0,0
5ca0a1c3564d35293a5ecf03e5f32e6f0f6f445c,0.41586164,0,0,0
4c4b3e2e32ddae35e4c1a6ffce1cd2b2eafa958b,0.063561514,0,0,0
72a46babeb0da02071e47425ebd55da915b98178,0.4263153,0,0,0
9c51e5316babbd370bc32aed0fee134216726ec9,0.06653977,0,0,0
392323e2d44bacdac605c1a4f037f06e21dcc239,0.39402398,0,0,0
10dc13c80752b0489d291b54440212ca54c59fee,0.4754146,0,0,0
7b9df59a96adfce979c8c564dc5eaa6a29b7f25f,0.36168858,0,0,0
818533e92bfb1c142ae4ce5be18ab92d1ae17025,0.06329228,0,0,0
47fa07eade06908ded4206651571e71a2fe684a6,0.43971813,0,0,0
46e97d9e04591e8198ff38bd2949fd5514da0d3e,0.052526705,0,0,0
08cc26e70bf145aca293d55fce12aef835263f53,0.29120913,0,0,0
6c21bdb4a107b49e57c9e5d6598d13ce6f85fc5d,0.059846554,0,0,0
18a027b1f04e420c18ae57aebe8fd031b5ff251c,0.04915513,0,0,0
82b84c0fe9054198099752a66575cec0c47524c8,0.24071518,0,0,0
b10b90b0a3947bea98e3646e7d29f853f3b5c6f7,0.24167898,0,0,0
8c141a1705808491f16a27b53e1ff0db0a2807fd,0.08233604,0,0,0
40f969bc9e162deead55967da3c128e2da933dfc,0.07321036,0,0,0
f348d34fb1ef3c968e2981283618aa85db203901,0.04596023,0,0,0
999761ba1bc5da820a1d2527c4aae29d95a7013a,0.3486818,0,0,0
ce131449a4ca0b06c6bb27ee5d8d6d89b1467bbd,0.66940594,1,0,0
924e1e9064f90d958b4f57e9c9c0c543bd19dcfb,0.4724652,0,0,0
f36090e3141cd3cd6fd58f1f46a30af2582559be,0.484712,0,0,0
6fe2094e30107512e470571bceac91cbedbd21d0,0.26699978,0,0,0
fb0078159d2463da149de54018fca79a9447153e,0.110276185,0,0,0
73351b6adbf403600521505bef288057beb2bdde,0.40906757,0,0,0
079a07fe18f654632b80b274f247775582261e5a,0.3899761,0,0,0
4158323ee456bd412e7357a4a6bc8bf50deb5d9e,0.12226138,0,0,0
2fd6c8fa1e392f985ee860d8ee154a612ddde569,0.4266352,0,0,0
66d0a9a0a00dbb259425f17745f7dddd7e676f71,0.25144827,0,0,0
e14d9ce8e3c57b7352a647c0a8e62eeb88ebfba4,0.23737584,0,0,0
9e0c5ad4b3148f42f3940faf7d67b305e34bef0d,0.100526236,0,0,0
fa1aa44c7623fb2142e588c59eaf56db7bc237eb,0.057859976,0,0,0
8fdda846c4653b6ccd49c47a9586c374bb20a255,0.36684346,0,0,0
a94ff90ab6cd2d92ccb2eb1fd7913b4e5256f02b,0.08449078,0,0,0
268bcd622685b28c2d50bcbce64ac38f7e90390b,0.38332266,0,0,0
09e31a01b51d7418fa0034ecd4cc11848436fc18,0.32291174,0,0,0
487ac1980148522d628e1d2aab50b107c372798b,0.39674222,0,0,0
34646ec9b52192a71e52ffc09cf7fefdd506c48c,0.21469226,0,0,0
7afc1c34fc16ec04f82105f9106b7d1e5232c4d0,0.24981168,0,0,0
00439211981af7b5baed495f526ef8ad76ee7c5b,0.05880878,0,0,0
1d635088f697178660b6e1c9a89d2b7d3bbe2d29,0.16310999,0,0,0
a4a62ed7c1e3c7aae09324f0ad1c6078f0fba471,0.07189912,0,0,0
b3a68ca842841c4b9713462d5f01742cf71a6b4a,0.0383406,0,0,0
2d868410eead061d59de524bada4de9e3d2bb442,0.058182187,0,0,0
813aa11d505b9507b6795d36070806cb2d96e5c2,0.43919387,0,0,0
88b29fa46bcf6f56df4213e1ba7810735a28d755,0.5095524,1,0,0
eca374db08ffbb3dd8de746632fbd74acb8f2c92,0.28003561,0,0,0
2ab17f529d07c1f618ea08d968b2fdf3a382a792,0.18456528,0,0,0
9a87c766bb3137a50656871e5dee5a309543bc7d,0.3701341,0,0,0
9ce4e1a371418e5eacc69227885815f9a4221c65,0.4154581,0,0,0
c7f7da754a911302dcaa6935be6fded84e1ac348,0.4299101,0,0,0
4cbb388ba9099be121f81d75000acc3af93bf993,0.116920575,0,0,0
87497c72460c9c58f829a372d741b386fc2ac8f8,0.13811094,0,0,0
921d0d60d40d8fbda29f14a64e848c70026ea32e,0.1871457,0,0,0
f9e72000a17eb9d524b38a9f2c982c037dd94891,0.39785075,0,0,0
e34f50dd1083fa8ed9fe25fe701b64bd2ea7efc0,0.25414202,0,0,0
581b474f4b194731eb9cb22cdde7330a1ec81c3b,0.4133553,0,0,0
e0d17fed51f5018fc34578699d824c20efc44368,0.37320304,0,0,0
4fc5b3402c58d6a4b317bf23b896ea91d22af6fe,0.4027723,0,0,0
d8e2f892e48423fda73204be3ec239d282e71c65,0.423725,0,0,0
8d6d088622f8e4ea89e66ccbe097510fb4c932fd,0.23585284,0,0,0
f0943a7242041a16c8f7fca845592e48bb19ac74,0.4218916,0,0,0
d1123894d33922e7c8ca838f9dac9bdceefa3f7a,0.38764265,0,0,0
fb83ba3fdb46537a36832a900f124d4c400f7ed9,0.44494808,0,0,0
e779883b29a67d411493f985de984ffb8088ca05,0.3009477,0,0,0
a71c820baeb91025eaa7f07b172a39500c6f5692,0.32596147,0,0,0
a4eff51bedd73a0ea56afc23b1021187dd03561b,0.3788743,0,0,0
8f6bedeb724fa78583c26423aaece05cfddc04c9,0.38760808,0,0,0
fdc116f0bcda6d1fffbbe505d0687b0406e92fa6,0.3106613,0,0,0
66608db56c41e91ee34fdc1e6157d69b69893fad,0.059192035,0,0,0
5366158572bd88f18df7883ab823ea62b7701d77,0.22077757,0,0,0
2df0a3be66f6fa1067d976d7a05500beff7eda53,0.057851907,0,0,0
e0b2c86c8754312d1e89307fbf84e6efbfa9fe0b,0.43100512,0,0,0
050dfa6f0850174fdf958ce6751d2f06900201f8,0.29008463,0,0,0
7530b4bdceef0ef37af252f0b97978554fb9b99f,0.34799,0,0,0
a6eda3d8eff423ecb4901aa07339364732c02ddf,0.44044554,0,0,0
a5035d0e1cde068320984d789473e1140adefdc0,0.5434481,1,0,0
dff43a0530a6fbd524e3af24795cf6b92142735c,0.41559824,0,0,0
1d5f8faa87a410fdd1141ad82f270ac238293770,0.37888917,0,0,0
82f4ce516c18ef5fb3096f6a90455fce90a5b290,0.07272595,0,0,0
228b49fe2afea3376c4f30f80bdeb70d083a9206,0.39514622,0,0,0
adfa016f3ef7ff262643e0f0a5a54d3ddb7d7e1d,0.47984603,0,0,0
f72b5e65c0c5210cc0be585959ae84fdbc87aced,0.49653846,0,0,0
26d668f6d5a2f202ef7ff6a73ff3cbd7bbdf4b06,0.40815893,0,0,0
808149305ba26224917e29aa0c0089701bd91936,0.05415475,0,0,0
55fd738c86ea1796d5152d818ab4b5060bb11803,0.368616,0,0,0
7a8dc00b8be18a9271e2d9c2444ba91077ffafa5,0.035201255,0,0,0
34515698878ff0a4641e72486f0ae8a7e30df0d5,0.4495072,0,0,0
96f2b16b3efb93580e6aeaf1da97d9dffd5e260b,0.32517326,0,0,0
b577805347d56f1927615fad311868a3537a9cb6,0.40598044,0,0,0
e366894658914c0f2fb41cac003392b0dfa6e4b7,0.48004666,0,0,0
3411f29e2377788cdaa5a4eeaddc53355f085a78,0.050060477,0,0,0
880b04814c564ea7a1bb8fe97c15b4735c67e8e9,0.31031796,0,0,0
8ef033be5c92a895139b4f910af5a7048f340cc7,0.033698715,0,0,0
350c477161a0d1df94efa02109ae07e6acbc527e,0.39243245,0,0,0
0880a21c56cec1a2442b5123c3845bfc99e83a7f,0.10445323,0,0,0
84143c462986417ccfc5e8c05481e983cf668e2c,0.047454953,0,0,0
f16d5b1722eb55c2d55eb623999f16799b088b98,0.41671443,0,0,0
ac37165ed7a22cbdeccfe348b10245dc83b414b1,0.51447225,1,0,0
d9ae4e2601d4c0744bbc275b6b4f503477b789ea,0.051749703,0,0,0
7c1a59fa7ab58f5f7cdc124ff2667cc501570a4f,0.32366145,0,0,0
93d35c8f291b8953f8460c0eb02a51cc6d6cac22,0.104997,0,0,0
b77184a2189c8f91100d148354d1fdf38e83d13f,0.10526488,0,0,0
f81e0465460ff9abd450eda836bbb4f9b13837c7,0.52184874,1,0,0
6fc152e4177e0482450b13eb7fe496de677ce5b6,0.40961352,0,0,0
0c9af5f450ce73da9b791051f861cb9a6420e0f1,0.49823675,0,0,0
11409e628b0461be3c268f81642ce36bc4b0bf84,0.4239438,0,0,0
63a9488f2910434851e98a8fc0ec8c053b24083b,0.058598652,0,0,0
d70736425701b66bd64ad3aab3941bb930a18b66,0.04295866,0,0,0
7331773448c1f2e0b24deae4144db0deec85fc07,0.3252682,0,0,0
11a7e62a898e54d66936d1b8b67cb5e62578ba98,0.3970399,0,0,0
0484bdb3f61d309ff62da4df4be92cf139d19f6b,0.4534269,0,0,0
f9f632e7056cd9d2b3c88bad50fe0597610e2eca,0.38466316,0,0,0
a3fae474e5cf5084c89835fce1950991aa678a41,0.26271495,0,0,0
f3108e2771083bfcf02c9c67ebd70a3ac0ddfca8,0.34258124,0,0,0
521b9b3385d73239b96ab209cb34ceb5c1c1400a,0.28642294,0,0,0
d7a1666f9a89d9a517f5fbaf283e711046fd054e,0.2812787,0,0,0
022a020bde5afba4f2e9b6753c199386e79d7825,0.3018573,0,0,0
1b5aef881bb3acdcde5d9fcbb6e43ceed6db145d,0.28727812,0,0,0
0caba0845d4363025e619eb3db6f3138b2c3d394,0.4410729,0,0,0
8e71711c1caaa404d84ec6682f1b7b266064c2e9,0.39030215,0,0,0
363be2fea66f861d7ec4f893a05901fa0c7ecf92,0.552463,1,0,0
412a8a0ba61c84d71c0cc740ba7e50c10f3bf9ae,0.08837284,0,0,0
03380256795725c7d17db97d882a4c4da3b76b8d,0.34851116,0,0,0
653b46857a4a48252bfb094e39ee9937b2079fa2,0.2577341,0,0,0
748cb609306ee5a046a952a0ca13974ef0b6e770,0.43929836,0,0,0
0f9ce497b0c6841e3aca845336ad095012c41da7,0.3770815,0,0,0
36ee52223387eed452c266490a25b4c62f49abc0,0.41761953,0,0,0
a8c6d43b5a61d8da784f0ac188d40b88a15dad50,0.1785184,0,0,0
8fe2360920a8228c10cd59ba0978df701174c961,0.42910218,0,0,0
a3677db89ef3863e8ac7cf578df499f85d970b76,0.050397605,0,0,0
64c51505a82baf8260a34c7e83652ae3014009e4,0.32595506,0,0,0
ccba0cfc3f1b81dbaffa5153aeb84d48cd7630ff,0.16728242,0,0,0
e7c42ed0fb83faa2b57184cb72f6d9e8b621ccd5,0.25705504,0,0,0
633de29fedf11544f2c3d5052890cb014e612bd5,0.28675818,0,0,0
362ab2bc41697980391c4a61c23cb3ef6bce740c,0.3484283,0,0,0
fc9d93db68a3c33e5ead8c7ecb187fdf0f06cc4f,0.4134035,0,0,0
66a775c9feb7dcf00c28a16b7a365af4372886f8,0.40729377,0,0,0
a6a48cfd370b226955a531e678016db414ebeed9,0.31348807,0,0,0
dccc1255413adc1a212dbe3bf40accb70ccd44ef,0.38001785,0,0,0
83b70a377f79ba90f846b3a720e6c402c63bccc5,0.076234244,0,0,0
819318486d9cfb430749ee33d3c5c4ec4417babc,0.083825015,0,0,0
827d9644c864336fa84f15744375ba7412da047c,0.09971871,0,0,0
af6bbeefbf197f50d194c7f20419c2a4590ad630,0.4067092,0,0,0
ae8f5f04574be75727f5e948e04bc649cbdbbb3b,0.11064837,0,0,0
b9cd3558133ae9f26aec73e0bda3a8f635d137f7,0.12822463,0,0,0
f672e826f51824582273fa1f5b6ec37aa5fdb2fd,0.12684275,0,0,0
72df12fb2ba453afb57cf185d25c502d4daec6d1,0.40575138,0,0,0
7b42d43fa0827557f51cb4111c89fb2a78512c68,0.41930905,0,0,0
af1b5872ab8355acea3197522ddf94972b3c8386,0.05926655,0,0,0
5c753a87c328678f16bf89e0178448f04194f0b4,0.10762263,0,0,0
0956e2d2338531a96f2ff7d4ab405acc1b18421e,0.10617287,0,0,0
6563275706015b000cc5bf14be7fa9322964bf49,0.12984203,0,0,0
e9e76131f35c112046b9f184816683beab605e9c,0.06362282,0,0,0
843267df5a0b44145d5b9ee9153d17aa5e15cce1,0.050603427,0,0,0
cd64fa339a97300c64dfc434483e478a58f507a8,0.21953164,0,0,0
b0b23c179ac55334f760aa29fce262c73a909268,0.06226636,0,0,0
dff1a0953d97d46290750a46d01be1e1519ae698,0.3271008,0,0,0
35e0ba449325e759e04203fcaa71920cf473baef,0.06392471,0,0,0
e508ad09d79302d3cc6b86077d4a6ddb0679a0f5,0.42527565,0,0,0
a27ca511a591caf813c26862a888e90e54af19a9,0.20223123,0,0,0
9be91f380c209f895da36d13c40b99687bb4c8c1,0.452378,0,0,0
09c55eb8120da36aef1807628f87bde83749428b,0.38624537,0,0,0
05edf06360cc8a1a61fbd1ce5f9abf5d83f9d3f9,0.43650255,0,0,0
9df5e9419d83c11b4a2c3421c5ff7ea1f544366b,0.041640587,0,0,0
ed1ce82d822ffe185875b7b7d38352f20171c096,0.083715305,0,0,0
10e38114032cb4c585b29e946e1d70e05d52a878,0.051050015,0,0,0
d71ead41fb685431dad02d4bb7cb5675e196b8f2,0.41222632,0,0,0
e7b4025ee0b6152f9bbf7a72a317f977402a27f7,0.2059684,0,0,0
0f3648f749b7b67c2c61282297569657ea6220dd,0.036718834,0,0,0
bf915848967a6e35839e5565e98c716079980e18,0.2313578,0,0,0
7f74708201c2ab9f5d1f83c7052487116b8f7114,0.49139136,0,0,0
97dc91d1545a667b4021b6507d927799e53964da,0.25314978,0,0,0
d9979fa97865b7a57b9da975efb6e6c4d80b0cc8,0.23284826,0,0,0
6f27b4ae8f8ecb62698e760ab7df3973874b1f51,0.0753103,0,0,0
67ef6efb61f3c07e1359e083bbac5d90953cfe43,0.380029,0,0,0
1b53f09c3a9dcd64dd281c1955b062fc28999366,0.26948565,0,0,0
34adc606601cb578486d4a019b4655c5aff607b5,0.3000836,0,0,0
b05bd69cdd841c02a3b645568ee5478fdbfc07d1,0.42376363,0,0,0
e1f30a1c32eb292e51db274adbe2fd6ed09b555b,0.41696438,0,0,0
bd82fe9fc034e7921eb589420bb4b86dc767a11e,0.045869198,0,0,0
13e0ba5aff3fe14eb0e1d748cad4b9f99e681ca0,0.35210347,0,0,0
3b7deb943877b0c2d8627531959948c5d1e4d3ef,0.08588656,0,0,0
b657c914c0005b37e24c1cd74c5f4ce886147606,0.11202292,0,0,0
a61fde99657c1b9d11e8eaa682181ea59e65814b,0.35439318,0,0,0
29c067466ed78c3e7948fcb8f0d25b3d984a1a93,0.13261928,0,0,0
fd86d06ec5d3b009f3882dda7903e9913858ee14,0.051681593,0,0,0
a43b8d68b8b7e6d7f23977a7432880290e6c6933,0.31417373,0,0,0
31e4a6df19cf4a13f8f0e9048198ce7488ad2614,0.08643384,0,0,0
3c0c9d83e27e436f9d3646f177bcb0ac2fecbeab,0.4062901,0,0,0
db7a08583a5ebfab310efde6d0636f2e2fc108ad,0.22195485,0,0,0
015e3cd37d128e4ade9b2d49f74f3b4fc07d82f1,0.22145878,0,0,0
8dba68a38c8bdae91c15e4eab35cd83c427d8e71,0.23574424,0,0,0
bd15dc78c74bd9eede3419b70469511f196a3716,0.289305,0,0,0
c3ff46e30397bc0355584c593d500d2564c1c515,0.44126973,0,0,0
b2d4b2ac3a738d97e23e53cd459d9c57ee8827c5,0.54866016,1,0,0
3e24c28e68e617735b25791b0bc3f67f31624ebf,0.22872035,0,0,0
b1a8299ad223c3b2552f6d03e51c2ecba5df46ed,0.47310033,0,0,0
4e931386569c0a28b7e47c52d199aa32b6ca32fe,0.04234637,0,0,0
ed98d264cff306f7326db096cddf65cb26ff5498,0.048795562,0,0,0
1f07a0bf70049cb0a2f6b52ea7c261da5adb1abb,0.44175354,0,0,0
60bcdd450d6950da981d70b8b08379bdd744c82d,0.41535896,0,0,0
74133837585f81d1c6434ce32f73fc8694d5f132,0.04142653,0,0,0
0e9f604e87a5b42b27abc13a9328846cadd640f4,0.037456132,0,0,0
53a0a9ff85666348a38054e335f5b4c5355a6419,0.035424862,0,0,0
73f3e2b3d6b3f4a7000187bb3e6a4d82b118d3b9,0.40915936,0,0,0
b295635a87da0c20e5e2495103d4877ef0187d4d,0.05982886,0,0,0
8f88dcfc902b5bc86a239756afffc9f3813d245e,0.062239118,0,0,0
815b269deec60ec69f4e5e5d555afe9b98c18cb9,0.32724583,0,1,0
2b0658c59d6285547a5c6de7ac71c7cb134ce975,0.3546605,0,1,0
364232f781d0cc91cd4b83012e1f49e62fa81190,0.516072,1,1,0
e972869486f85c3424875a443eb04bda2eeb6bd3,0.5010562,1,1,0
780b2281d86cf89cf5dd717c1cf54bbd48783654,0.43850914,0,1,0
06c27b37ccbde70514e035a50ba0a6ee1ff94ea3,0.26757365,0,0,0
1d1c41945a50a740519131bfff4e1875de69dd6b,0.3532125,0,0,0
71e40d0b30fbef976da3595fef8736a4e1245466,0.3265733,0,0,0
f781fcaf0f19766f7c9105911613f86d22b2091a,0.33618006,0,0,0
cb8cf1574f99fc51c9e67b9456ea4d494fd4cf29,0.06864349,0,0,0
c63413182017e069393963d07570ec69f373ee1b,0.030742697,0,0,0
8bba18089a1acf29f9d2433efc229d5c851f42b1,0.34122467,0,0,0
f295b186fd8f6c619d34a8c69c6a1307f2276779,0.03808484,0,0,0
02c7974c113cc2a51d6741491080058470265899,0.28707474,0,0,0
027c193cf1c012cd5bae06446496136a582c180c,0.034267552,0,0,0
4a10030ee78ea8da944f6d52e3c671799d73b5d2,0.2643322,0,0,0
5166f3dd04980177e46293408d998087040d4c19,0.37306273,0,0,0
d37041ca62ea9eab6e777bffc15ddab49941217a,0.55813605,1,0,0
53e5e3fa8531bbb4d70523197215fd19b89c1a76,0.3138135,0,0,0
62e6242804e4167f5c476ae34acc784009a1af0f,0.28916347,0,0,0
324e8b4d43f0260b4857dafef46e8c5f349f633c,0.15602522,0,0,0
9fbc2a346b86872c397ff891d379115abe5846cf,0.0616008,0,0,0
c5a15b2b66b6b4f018589d8f60cc7acc71861822,0.029175516,0,0,0
ebf108170e9a6215176174d84313a0564ddde0c4,0.44846588,0,0,0
f1984c42b64788a0737c3bd43e4da95e015c19e8,0.046639632,0,0,0
904b790c41d6ec4629921befd1c5286e482fde57,0.03437074,0,0,0
c2abe862ecb7f980260a7b44d907fa116a6bbab9,0.032534145,0,0,0
19a56adb00295d528015045cacd443ff10f7bcb2,0.04571781,0,0,0
e2ea5359798ce8dc77d4b23b0f9b4df33b37f940,0.46530613,0,0,0
ce4385a413dc822f8849678608d0bbac2defbb81,0.03096296,0,0,0
c11215195bed3261d88486d0ad1644080afbb97b,0.055592444,0,0,0
7048667393bc4290f381312243d13688407b9350,0.03058501,0,0,0
b188b5ccc0f1f8702313eab62a5dcc164f817200,0.06063341,0,0,0
4efd950d4dd822f3e087db9830d09cfb3fdcb541,0.06851296,0,0,0
cff6e00097bf7dd97a5404080df3bf7e95813a1d,0.050322235,0,0,0
27214015c725619e0098e227fd29816d0891d4c5,0.044639826,0,0,0
f8fbfc9fdca4b5e9ba1a5608ca17e7b6feb18c3c,0.44418246,0,0,0
0733d7c2ba214415a8d2e4efba5c6e26b61d3291,0.2804714,0,0,0
d8cdd5eeffe9b63949129d09f6b0c7ad2d517e90,0.027033836,0,0,0
e2cf4811ba485b0bb29d7d80bc853666bfbfa958,0.033878487,0,0,0
580e0d1e26ab2a9275f01506f3af56fe8fc32988,0.041958917,0,0,0
3ba27e9f4a29be1922b3a19f9c6c5127f93027ab,0.038894583,0,0,0
8fb1341ad7c460286211f4f2a6be41bb5782653f,0.03389505,0,0,0
041507d3aaf718ae536f9ab66e4eeb4065cb339d,0.040967915,0,0,0
735b1b59862dc1b5f7e60549aa7c33dbcc4095b2,0.3910878,0,0,0
60595251eec5979e14540c6d00043e24905a7404,0.036151107,0,0,0
980366284db98e0515dc5e827aaf4f750699bc80,0.089525625,0,0,0
6c2dbf2885fb4602b8e42bd208ebef66df23329b,0.057970937,0,0,0
cb6ee2cbdeadad5d277a6e7293d88bb915090c4f,0.04116662,0,0,0
a00624cf27791193be74a610723a9a0b0980d23f,0.07506805,0,0,0
911d59f46d0dce2e07a93dc0ff705154f568b7ba,0.3535865,0,0,0
1aa543286acbcb3c23aebaba003fa024a54aabb2,0.24378447,0,0,0
f418eed3089d74caa11affaf947a40b774e9c8cb,0.33353612,0,0,0
a13691b5be40d31099d39f7c8f3ee9970ebc20fa,0.075278044,0,0,0
3e8b8aa06bb7742cd1643fad72d7739cda400010,0.37629044,0,0,0
a1db4c96f62eef05fff532b59300edeff3ef21f5,0.14378677,0,0,0
5321c7ff2ed082524bc319e44f0aedf7ed8960cf,0.28231815,0,0,0
9be73347bd09934dd0c99d32bce9c4e12fccf6ce,0.21928738,0,0,0
4362e02ed0404d12ca75ee3476d4a32f9f671811,0.043509595,0,0,0
d3f0ee5e0928122b41ee25e2b4ab09bdca5bd00e,0.40419418,0,0,0
f82b5b57840389fcfdc4f16cb75703361d6ea059,0.09803921,0,0,0
51d564f738b20621e4e14649bc1b15c929668e1a,0.24357441,0,0,0
5bd82306a8e44e2b9ff098f29ebf4c69c195b9ad,0.045654796,0,0,0
9959b3c5a777845aa19040a5a761814e483a6483,0.1888609,0,0,0
a0611b06f05e3c37c622f48a783836f89247c237,0.14867266,0,0,0
f02f2e54ac7d88a6b7ee620e45e1bba878c63a56,0.05836753,0,0,0
98d6d15235e046762f3b09294e896994f616627c,0.38964608,0,0,0
fca0e6ecf6012ee47fbc92fef4533320c1e3d849,0.41877735,0,0,0
db642a3c3ad93606d27d6e277b529da3a50057e6,0.23032734,0,0,0
1929834c27a931ab505f7a389d38fafd10331d8b,0.33318657,0,0,0
a5cb9a4b4a196bd2048cd21ed2fef175bc1181cf,0.08618722,0,0,0
c2f1b685abecfc11de76ffd0a28771f41b566782,0.037861455,0,0,0
30b6759387b4402987f6f4a6100fdc78e8bf755f,0.47946,0,0,0
50b126dc0eb075a2193b670eb7ae2089896ba283,0.48398846,0,0,0
6b08874607dd51c9d8f600a96650a330cd9e6b95,0.04941932,0,0,0
c9685cd5e462926aa401fca7321ea23927492006,0.058708403,0,0,0
ce8d0f7a47f7caba8ab937389c59b68b20f6994a,0.4101695,0,0,0
98b8758e761caf659608f48fc5c9e9056f911050,0.065892376,0,0,0
95b2fe97c7f191e43b7fe11e8e027d87eb47f15e,0.028916087,0,0,0
79237dcd2bf537d56ff8d73f897cd639af7bf8f7,0.44968215,0,0,0
181affd5c937755f54ff31ef056a6ec091e95f51,0.39111605,0,1,0
c334a1bca8338c92e76f0f1cf2ef4884e3eb5dbd,0.47941488,0,1,0
efa48b214d30537bb184884ea30ce817bb350153,0.55950797,1,1,0
b45c4bdb496381b5f90df6872edca12e0a2e68ca,0.5589687,1,1,0
f8489499aa6d460a7548b14d516638b0bd7b862b,0.41031197,0,1,0
76a2ac814caa194c46be1cf7a3f5dc129546b1c1,0.40504456,0,1,0
31fb4dfef212791f86f052ce8a3adeabaf830cf2,0.5367395,1,0,0
ccfca8f714055cd9fbd00cf7e847b880132cae69,0.31814376,0,0,0
a29815abf4f0e51b332a8af1b83ad344104c14d9,0.13018337,0,0,0
92e6d716069686583b852a6dcf12af986d6dc694,0.36705422,0,0,0
d105819a0e72765ff5ba4efa5622d727360ee2b8,0.28662127,0,0,0
3aa6f11785a2f1b3b09df328a02a2c28dfa0bb57,0.37972993,0,0,0
b7a82a918f0a595a96047f7eef2672fd95d5626c,0.33913532,0,0,0
52f3240d90f2397cd1850ab11674ba08a0ecb2a0,0.49147516,0,0,0
d70fdbc40195077057a1edb14ccd16a26435d007,0.28351063,0,0,0
0751f97bf6677c3d55aa71542d572dc8fcb9e79a,0.1700276,0,0,0
e505e1fea57e0ab9f1d5edab92546d778a5f41e0,0.10635197,0,0,0
b4380f20059dc9e4ccfe2b709587e8069ac0fa34,0.3574691,0,0,0
32a9c6d42a3a48314d3f9fe2956bfc8bf49ac5d5,0.40820462,0,0,0
80417356f04c5ee1cd6f636e9b043db3f2de24f2,0.078994565,0,0,0
f48bca0510703b0673709b10a806a9d54894a999,0.31963086,0,0,0
f1b54876ab8893a5d9c0e3d7c1a9c884e683dc8a,0.13901062,0,0,0
c82f703768eb8a122546de23e412a037aa1770b2,0.083599836,0,0,0
36a02dc549f32433d7329444455dbb1be2e67f20,0.1340256,0,0,0
fa8957d7939b59e8d391fa17000b34e865de015d,0.33864436,0,0,0
5acc6a5502bffaa66be7e859849856de0ea27acb,0.26954925,0,0,0
b58789c5badc4f9680ec5724568af05a84670e22,0.40086114,0,0,0
9ee3a16179cb65f5fe4170257ab7cde558f1dbeb,0.38255277,0,0,0
4ed0bdf1c73fd82d3080d15085675de96d5be0aa,0.07874858,0,0,0
4950ad86a16e63fa26d51cd709e39666008c5fbc,0.043479055,0,0,0
b61362933f7a564d2ae0b7d6b9723f79f4948769,0.32080624,0,0,0
f28aa71041181867a720134e26b64b03cbccb6ec,0.3268975,0,0,0
720b988fd8d7a50fbe922e6c73a3681b1c566331,0.08948103,0,0,0
9d744f7136f23da9a5f9324432b300b5a68e3b39,0.31627306,0,0,0
98f54c158acb12a26fa6f335b1665accd2aed347,0.044205587,0,0,0
22c6d087012fd55bc65e578a27f2edb66f4d3808,0.3132801,0,0,0
890b387d713d04c22406db6d5a5fc9b51bec2df5,0.3220565,0,0,0
c7d56cffbb4668d0955ef00196e08f42f2efe363,0.37949884,0,0,0
7680fae14c9f544d0585a7b150004a1e48fff53a,0.3002081,0,0,0
136c5ffe80e558a87cde01baebf823b06e3cbe75,0.28794733,0,0,0
8769d0f2cc4b7555dc025b7c0e49a81346a1e2dd,0.43777546,0,0,0
4b5cda5a2c6ca613db5129d50ffffce2604ad9eb,0.36547947,0,0,0
2e62764c0c386632e87ee8d12d0505848df1015e,0.12407388,0,0,0
4590f14e97beb6d10ffb7b5dd312c632af155ed3,0.041585162,0,0,0
079bcd0339f30343c01c5fd3d5521be4b822d30f,0.03373841,0,0,0
29283b775291bf03cd9a7e1aaa496faaa5757578,0.4629953,0,0,0
89321a2dee438328e75a11954e972175c78f0a2a,0.3275532,0,0,0
1f3e72fa069536ae20f37b29575288ff65e66803,0.3596604,0,0,0
c7720ca4c232d317cfc800a04eda4a1d5a44a944,0.38861856,0,0,0
a747456bfe077da467ff036172968a37f3b1e893,0.45179617,0,0,0
2f2c8b1cc6e6e731f7bc52b0988ea8316f475004,0.34525505,0,0,0
013b445ede8d9e7aad4915859d0c869b9b712f8d,0.36487964,0,0,0
f4e754e66e3661274df624bc328991cd88dd03d6,0.32293576,0,0,0
741944332d5bd90112b610a8b5f2eeefe51e08bc,0.35570288,0,0,0
4c7d7523088373be3c7ff203ea895d5a6d84083e,0.4408698,0,0,0
f79c9365d0ee89cb407b90cc084eece8fcf9a8a2,0.22182399,0,0,0
8714dd031647be34d0d27f461894e7b194f25cd7,0.36109743,0,0,0
83406b73e70a251eec5daae34f1bd8d554cdddec,0.37192535,0,0,0
2f956f46580e5b4752173e885d37a20fe31a78d8,0.5405201,1,0,0
3f36b7b50bdda3eeca632ad5440bb82b8e34cb40,0.040952604,0,0,0
9962a0fd02fe2ef06765271605b06729af8b2e59,0.10510202,0,0,0
5294c64b342818e021800b38413f36f426e35b3c,0.04033726,0,0,0
5a45ae3b1deb5117cb9e9a13141eeab1e9ad3d71,0.18680978,0,0,0
efafa61992658eab64c893e9eef49f545d75673c,0.21432292,0,0,0
630830476a6270e317e84229996a6bf92bd903ca,0.1889544,0,0,0
14097c64d243794610788d3ebb2e81ba8fd867c0,0.19167645,0,0,0
f2615d9a611db401cdedc022112c87ad938b5680,0.042358167,0,0,0
a24d624aaabc14a455d18450d9127f88d1b4f8be,0.35755703,0,0,0
49169033546d893dae3db903a2fa6af712f125c0,0.4622018,0,0,0
fa7588c4c0f8d403e4815fa72e3b8a3bc98d73ec,0.41236717,0,0,0
367fe13b46a0b4dda56b7f12273d6c9afb1da23f,0.055617,0,0,0
368588b5c5c4140f39ea8b9a8ceb3d1af0708804,0.32582837,0,0,0
30ee10d2740fe1f28595989c6b21f22b75a147fc,0.3606488,0,0,0
af9fd052d1c208f191fbdf85873f965552465598,0.03305362,0,0,0
0a711ebcec7d32b66ab3c90b2a1f48681201e557,0.06386835,0,0,0
a4acf53336a482f50335d33b4f650a70c9243b7b,0.3314962,0,0,0
c26fa78817f30cc3eb91165b783e07fb80d80f59,0.056477174,0,0,0
944291b748bcfec4e2f3c17623884db7a17b9f21,0.4254733,0,0,0
c44f982e89b63a97190638cd12bd8bee2bafb883,0.39332998,0,0,0
fb46b941f7763314d667c437c06b1675e61c3d38,0.09233726,0,0,0
e9928c94ce1385ec72028336417f19f30ac38ac0,0.37933382,0,0,0
d4021487539b0f7758ec644f2e0d83df95c66bba,0.37814254,0,0,0
ac62c1c29f319a97a2552c39f32c8e6acd70c9e1,0.4050971,0,0,0
dc08bb8ea6cdf01188f6699559e779e6cc296287,0.36918166,0,0,0
82b8ecc3275d7c3578a6531ac3f1da3ffada9dcc,0.36063257,0,0,0
36ce032b612fc0a1156d28bca7327e06337c8815,0.062221263,0,0,0
2f22533ef41533e2b839a6b41b262dca59e6dbf9,0.3997548,0,0,0
39a3cd0f4210dbec1ae8ef39a87d34b76eac91a3,0.36097267,0,0,0
1f470253c46471033048383c027192e757480492,0.43864307,0,0,0
9c40a7bb3c9aca51d17490960c988dfb7b5acebb,0.24368538,0,0,0
7f8e952abc4d2fc4b96c97a51aa25fcf6ed8af02,0.47344583,0,0,0
bd0b5af025fab9cad8f94260138741c252f45fc8,0.36978874,0,0,0
e036d60d8a210d5ac28b2e5c51a45ceb82b58f09,0.4498005,0,0,0
626014eaf093fc2e3b53f5ad00c425bc209e1428,0.07164159,0,0,0
5c85b8dda5f3047732a17b818256b9289274d071,0.47039804,0,0,0
ea402becca436dc1a8e47ac9385a3db475b49355,0.36974132,0,0,0
255f10834a67cf13518316de0e2c8a345677ebbf,0.45265487,0,0,0
044de16c14076019f87763b7b58c45664ee57c11,0.12664977,0,0,0
e54ca615f213f5db6d34d9163c97eec98920d7a7,0.2481221,0,0,0
07a42d3ffd034e467e49b5c449d4f5f81c471cc5,0.12925151,0,0,0
e6da0f682436e1387ad68e86edf7418c0f7cb368,0.45628777,0,0,0
59ec4f018963eb55e32fafc2b924826c39c09682,0.44606262,0,0,0
ece4b70cce24b89483236b4cff079c10597d680a,0.30706218,0,0,0
09d28fe7995db1a4da2c651d362007d2082c663c,0.33175725,0,0,0
98c27699cbcf65c3d9d655ecbcd67adcd8b45b05,0.38874823,0,0,0
71cff7c5940b7101ff098601850d46b7a4698180,0.050028626,0,0,0
89e0607cf6470dda1a6a47b46abf37468df4e50f,0.07879501,0,0,0
6fb60857be1fed21bdacc4ce830bbf99103b6fdd,0.32346445,0,0,0
3634821fa515365618209f0452443728e7290fca,0.32468814,0,0,0
2fd62ee4d524c270764e9b91dca72e5cf1a005b7,0.056378078,0,0,0
a703ee75c40e0207f6831c4d48e1c7e62f160305,0.038064197,0,0,0
fd7cfed070c2aab60521afb7dcc633a0b7abea80,0.47208384,0,0,0
1de41ef4baeee1c95e245837299f8be265294445,0.16392943,0,0,0
9491d7a61681f7acc7103a6d1d45efe96f7981d2,0.34784958,0,0,0
2d3203b10cc8edf71a6e3e0822f0d742c9516aa3,0.38168535,0,0,0
d55a572e5867832f6d5755fcd46101da51a38aa4,0.14991929,0,0,0
170cfa758547b4d9be50058ad93cf60ce0da5564,0.4506098,0,0,0
3783ca4476fec8186c867e4e57084e649c318c6b,0.04533779,0,0,0
4d996d1bac1bb1886cd9c473ba00e53e3c19cf3e,0.3683925,0,0,0
445cb9dc2f07553f8e1e5f7c1150f00fbb05c63f,0.43654814,0,0,0
ad80bfe559e7380fedd7998daea5f27393ab643b,0.35218734,0,0,0
3d2d4fd1588c8eb3f67f34d75b66967d0c7b06b6,0.4161522,0,0,0
d54fad867da7f762ac4c0d947adffdc1f8f356f1,0.41464344,0,0,0
12bbaf3550d56bc945b50f538b5f18af93bd316a,0.40571237,0,0,0
150c578edb161bdb2e8c039f0914984f570ef8f0,0.20137416,0,0,0
af977adc43a071a09652fea4ce3deba2d5b8d171,0.38089666,0,0,0
e021734b62ea5ac273e516b4ac83727cbb99ec08,0.038719933,0,0,0
b635beb6efc07a97c143775c78a32d42b3b73c8e,0.038930167,0,0,0
3fd2492fcce073f0c36e4d7e23e34881557e6e5e,0.38826838,0,0,0
a918c493296c88da94b36600213c7c188f2589b4,0.051056657,0,0,0
9181e1d536bafedcb3587ca30e5b6e2d66f06bf0,0.35455558,0,0,0
cc8bdf1d13639d12d02170d40cc4890180bbabc5,0.09933515,0,0,0
33ee5497490cbc97f3eabe9ef7a6391e4dbee8bc,0.12291396,0,0,0
dc61e510126aaa1a95a46fe39bf1529f394147e9,0.22672619,0,0,0
d320a457a9de67be25a03f79e1695d549a0145f3,0.11006639,0,0,0
94ae6c84d22ed33e158b3cc822ca4a0484c829c9,0.041914742,0,0,0
e9e36cdc44a68662885e35773187cca00d20239e,0.03721469,0,0,0
7d4041d827aed7d9f3eb14310b824a2faa96b8b4,0.514894,1,1,0
6f5f99440e7117ee3bb6407e06745fff14bb2a4d,0.33592266,0,1,0
3eb4be60cf00c20e46b75fb72366dd0649700c2f,0.48841423,0,1,0
edbd9842cfca892b10c2e9c8da0384fe005cd67a,0.3259575,0,1,0
bc8e23808b9d8d0c9b67270ef35d04ebd9d89cc8,0.509738,1,1,0
635e41ea181c5fee8860a7044c84ae3557b51189,0.58087665,1,1,0
c4ddbe6456c9631c301171098a8ac016eb4e582c,0.59102064,1,1,0
63f1d6b83bc10a2880f5ec17a172fab284d2eff5,0.5119079,1,1,0
10e18ae9b47dfe04573884739823d64825105694,0.4893226,0,1,0
d3252a5ca5571e0a97e9a31966ec6b847a3a8574,0.42607918,0,1,0
86c76dd5ea04d1881a52d79113d6dbb1d57c38a6,0.5320584,1,1,0
73a8fba6fb23af45ee77f52f33bb8d791a9caa05,0.47038928,0,1,0
e8db7237a9c347d2225fce9b49ff92bb741adffa,0.38179523,0,1,0
7af67bdd16a4f103bbe6334c5a865436c900adfe,0.31031734,0,1,0
71d7c3264239c55b6e2daf89c44c5685085f26dd,0.4755436,0,1,0
958029bdd45c3e341eb146031ed38b4487d7b0b7,0.28173187,0,1,0
5556026ed1dc17e70946a4a030842ade3a33baeb,0.38455996,0,1,0
3c92830ec51fb6b6e9a7ca2fb8fda324cd33e48a,0.523489,1,1,0
0fe9685c8a78ba2d780a3ec1e1a323990dc6d218,0.5166578,1,1,0
bd7788b384a87024ddd6bbe6a9bd9a167cf2ec12,0.29032892,0,1,0
dfecbe970917754511a081f8b86efac211e624f6,0.4420858,0,1,0
ef51b068aef14fa347710497cfb67aa9c6e65c0d,0.295948,0,0,0
173c162a45b4be6fcbf7a30c44d1953062a25086,0.29604012,0,0,0
c4c03a33c8b8b94eaf75d368473bdd10a21cd0df,0.23287116,0,0,0
2fefdc7dc3c9afbbe534ff69db5a754be0716b11,0.3852932,0,0,0
f525bc3ccd9cfb69603bd9778998263a458415d0,0.38583457,0,0,0
9072a7615a54d5e753cf088326d9e14f1a5a6751,0.32241106,0,0,0
11491d355da8a851d6badb6348b10d8c4acc9d8e,0.3090108,0,0,0
2bc2ffde1f4752e7a8c7ea0a51c559faae194786,0.30398837,0,0,0
35f1cc00274122c0274b522d0b544a06faaba931,0.43506914,0,0,0
98817e88f04cc6757c42ae52d653b63cb85af486,0.0738317,0,0,0
83775c432382b9c0367362491d0dc515bf0e131c,0.28586647,0,0,0
a498b87dbcaa0a61c6088d7156258a3cb06638cb,0.06527767,0,0,0
34558845e3777afdc1bf90ebbcb2017ca17aea86,0.12404085,0,0,0
59985b43f0868d9a4a588d9ca1debd03108f8cd9,0.34563437,0,0,0
8ea1aa1e7cc427c28a89878fd2dfcb110c992b20,0.3291935,0,0,0
d4c7f63054e584b69024664bc2f221faf9863519,0.039627846,0,0,0
20c733229df741e57b8ac205788ece2d563b2f3d,0.41129088,0,0,0
3051264e1bc1d41a29c9dae7935c090568f64af4,0.058455627,0,0,0
db0f2304bd7c3ced65cbdfe9e17e80fe0774c13c,0.23769607,0,0,0
2f67045b9647de10ea5d01d8d1e98ac7de3e1cfb,0.23968284,0,0,0
7ef106b23772995e4307f84afd1bee4e2337ce0c,0.040770058,0,0,0
71f6746f81bb9650f6f228ea204d85ba2c5b7392,0.04065298,0,0,0
2ed96f00f724c3331d6b56b6b5650b9632f43954,0.04355379,0,0,0
3720683699bb830a4aae6fb66a78ce7079ad2c56,0.044392526,0,0,0
df37e605fe4b027406bd9dd85b320526ab12a122,0.27360687,0,0,0
4ad74f449258781e9df189413423ffd6ad95c526,0.10207813,0,0,0
d81ea83a0eb1761bb4e90a91f3b70f23f88a7d2a,0.20945932,0,0,0
e2c0ea4374c02539ad9bc6c4328b74f25eb72405,0.11188176,0,0,0
cf42ae522e12e9b412e1a1f008ea73cfd86a5979,0.029034095,0,0,0
fb7335ab163588fe6ee67ef26d3b3edad5cf4bd5,0.3948131,0,0,0
e580d35e1a07431109a5835411142bd1c1c2b3b7,0.037325125,0,0,0
ea60fbe0633082a131bbb18de94fa60a04eddcc4,0.24025701,0,0,0
90e31fd93fdcaedadcd4b030fbc20f7375672def,0.027227724,0,0,0
52adf52e4669b54399fa50f2624826c06a19cb7e,0.07026664,0,0,0
71e515ab6d2007d34d96df5604f74c6fba92c0d7,0.28039825,0,0,0
6d23e85570fe1139cf5ef3bc9b4e57ea73680b6e,0.20913123,0,0,0
cb83f7cb31e50f265e098c5380b3f0051e257f46,0.034934856,0,0,0
2584b4a0ef536e59bf28ba140844597a093d848d,0.029690716,0,0,0
cac520971206093d32bf17925f880bd06d93f736,0.41332477,0,0,0
6a99050166c945a226d5f8275ce4a9dca3518285,0.21345398,0,0,0
6dbb48c8e685f65f45ad5df9f7684bed910036c8,0.047118634,0,0,0
260e0e0cd21af7b03ab0dae33b4978233db67773,0.06249711,0,0,0
b5749b4f54b30c0c2050e456c12cfcf516434f13,0.06406666,0,0,0
07ec8ad2dd862c8669b2557b995ec5180663d73f,0.13170609,0,0,0
28656559d2fc67193a84d5cbc48d378b2016f74a,0.47975278,0,0,0
0add1e8975336c65513b26123d48b221e2515ddc,0.4196697,0,0,0
8e7ea70a33ecb8db5207849ea6371b4a5a8ffd26,0.25093132,0,0,0
6f653f6bb82757963a87d725808c080109e7e3e8,0.075981386,0,0,0
1974c83561d09cf73a575f992fbd8416e3354d20,0.098526835,0,0,0
37c20df721522b175bc9df3f06a361297010df5e,0.29053727,0,0,0
061450a927ba1cc65f7b984f4ff41866ec2eceac,0.52836096,1,0,0
60b32953a968e5623f82a6b27d6c679bc17c48e5,0.32106477,0,0,0
f175a241c811d2d0843026b2dde5c3ae308cfb95,0.04213228,0,0,0
ea1a69d638d97d5ffc451b32d240479357e02b0a,0.031963136,0,0,0
cae70c10b4451ee3b919764f72dc4a4caf0f6f27,0.035007417,0,0,0
c0c7112dcdeb75b521d55cd47d0c61be66b0499e,0.054348677,0,0,0
8d0214a7417addf790713440f10855dc279876fa,0.42638248,0,0,0
e2ec4f2fdb2bb8d97f64a33e9ac288d52854a530,0.3387448,0,0,0
fc73151cfca36ea2641f340700dbe339b9e1f103,0.06242869,0,0,0
dfc9888860bf192cedde21e5e843bc3caad4b74b,0.40720198,0,0,0
5f9e0851da9e74c12e04f5a62cb7aeb1a8ab7589,0.03530236,0,0,0
7d5a61ed64315bd6570c5cb55c1f53853a3fffa5,0.15529022,0,0,0
82152f41ac8a727c2f0042bd555452dc2dda11b1,0.38982874,0,0,0
474a837858a8e7a98316f97e9ed387d0161015f2,0.06211244,0,0,0
39380da86acc717f419da48f070f8cf7d9f9ec94,0.35161722,0,0,0
0e266204f535aa48f74d4f2480b2268c13e26b22,0.07188306,0,0,0
5b7608d1549989d92dd159392c19d9ba8ce0e62e,0.05826104,0,0,0
e79a590e0cdabd93883aca964db2a862ff3f8490,0.047039088,0,0,0
ec4d8a9a6b783f1d5d603d5272c94deb1e7375ef,0.033785474,0,0,0
507451866c98cf9e2ddff1008fc0152935ed9e20,0.13299367,0,0,0
8ac3334a04928faab627aef4daf4ac51c28a95ef,0.40686527,0,0,0
6bb871786e563ed82e2b8d26314c22772808fe5d,0.04876767,0,0,0
633ce604968078151e03363d5c67042af74310e3,0.17855413,0,0,0
18b3437c15d78c54510964728486831822809d9c,0.5134404,1,0,0
d68f7f5f44924ddee14428e16b7458e2878baef2,0.032472216,0,0,0
a48071b0d489420bfdc0c2ed7254d1dba243f700,0.07403472,0,0,0
5637a5204ffd7b77f569ed28f85610eb782a159e,0.03476522,0,0,0
0611710c619e67affe9e3b6471943d0ccdb9da73,0.33520776,0,0,0
ff3492b06299c0a38c029c8d7a524d0027de357f,0.3116433,0,0,0
0343b4fda87161265acf30d5ee61e525e751358d,0.06509311,0,0,0
756ccc935ef2a8f9f48e96f28c7c622ffb3e6627,0.20881198,0,0,0
612236c8a77d5d8c4755e287f682cf06d773a902,0.09753406,0,0,0
f37f4b68f3343e2b8f8d82c40398f975116102f2,0.034924127,0,0,0
0822b4226f31e50ec244d311e56e3446a8e5811f,0.03234963,0,0,0
06b7cd3a31c4565ceb0a127273ef800a3d084caf,0.038834576,0,0,0
04b55bc7ca0b0ac444fdc8ad01acef8172852a8f,0.30583054,0,0,0
54ff33b2ad26e3969cc59d7f2723563dee3e37dc,0.23140839,0,0,0
54e63005446a2b0a4255ba16838122c5808ef886,0.07561085,0,0,0
1a002c67f2d3c198411a62165e53b31d6b414aa3,0.1171725,0,0,0
ec2fa6bd5695b36435cc66ca4cdd8183d077a0cf,0.11053309,0,0,0
52b46e74dd29eb3eb65a593a872fd57694bc154c,0.099793084,0,0,0
59022fb870c2c45a27e00943003c5acdeddaeec3,0.039140902,0,0,0
03fe88ab71cf2eadaa39654786c3fba713742768,0.040593576,0,0,0
a0b798c27a0312df2a110073bd7888993e56d05c,0.30371568,0,0,0
fb7784fa1472b4c55d329aacae672f416e11a703,0.22491284,0,0,0
5fb158cc05a9ec78e31e49abb654e00a7b65721b,0.37658027,0,0,0
f59a674a26d349b7069158023194ad0d7a38a9e4,0.36487406,0,0,0
fad946a1d79486c5118a596e8ac67ef7d5189070,0.23012483,0,0,0
d190655a97c33c886997b9570697f432e7d3a21a,0.042982347,0,0,0
68acbc803e416a38616bc25505cb88dde81af5ca,0.033217296,0,0,0
e8a2c29721d145c52c970049e5469cfb0dcefd87,0.04117762,0,0,0
00fafe772ceb91c9f26d79f5a2f6c3695a141115,0.051380742,0,0,0
31466db6ecd115aa74616e14a75721b45c0f59f9,0.046789996,0,0,0
6d3796e64bdd5f3f4857bfca6982e6ecf98a2b33,0.38622147,0,0,0
131917a0d3303ca2c38fd1d6765b9bed2c23ff89,0.100042686,0,0,0
51512905c31ff19b91fc67b2cb3ddb5b1fa0fd51,0.2533663,0,0,0
56f0e1053c9aa767ffaeee37cf06a6056a221163,0.28546762,0,0,0
04b41e2c97fe5faaf521c2e0581c30e18e2f0c27,0.42699966,0,0,0
84d52919ec3b3c75f28a185ad7cd87603c3cc4cf,0.41055188,0,0,0
18f5f54ca0e78df12586e0750e257058746a5a39,0.64147633,1,0,0
bb76a6848b37cc3f418a370c56f597486618197b,0.6310183,1,0,0
69d4bf883cd7402d13497a40422d20096b2b9aa9,0.35199574,0,0,0
8bb3526317408fba3ae351719feb68703aa5fdbb,0.3503407,0,0,0
b212aa3c6fb91c34a0faccdf783a0a085d40be94,0.34591982,0,0,0
f8b1f6e7456a92b8aeb3e0aa8ef88936873dae00,0.040787496,0,0,0
04a5d83aecc325f87696c83b1a5dba45584ddaa7,0.118419096,0,0,0
c202aa8cec19d80f4671e77370287540a0777b7b,0.30054644,0,0,0
e55aaa5706f031df2e8d68bdf088604c79944246,0.08932519,0,0,0
63374a181393d941c805b6909c2ae5c41159e745,0.36798623,0,0,0
2b15e1f43de16d204a28f72a530abcc24208f4d5,0.24922706,0,0,0
4ceba113050407f10e116df7ecade93b1abcf6fb,0.28218037,0,0,0
5e5ba1b8129fc0d235b149ee699ecb2fdebfd39f,0.42897326,0,0,0
bcc7c0c85878d19735f4eb014e6b17a3c0deb0dc,0.40510973,0,0,0
f3a7cf629c19dc80734b5b6c3933fcc76c8a50a0,0.4255499,0,0,0
a72a5ced53067d3516ffbebf00a633743bbfeb5c,0.4777922,0,0,0
7642423cfa70fc797601afd64ad28ed1609df9d2,0.076162815,0,0,0
04e52eb6155b3cbf5fffc0d52689a3f679e40b19,0.65172464,1,0,0
a1cde6ab707515ae014c2635f9d32ad0ba64e7a0,0.052883465,0,0,0
ff902c15612f2d771483ce6bb06e55609247c34e,0.4518047,0,0,0
3f796bf74666ff9a4a6d31f10dbde4fd5e837d6a,0.039823923,0,0,0
c158713b66856745427f793f14a5dd1fcaf941ee,0.033534974,0,0,0
e8300276291ae634eda52d812e6e8d7cfef2f8eb,0.033959683,0,0,0
fac65b868c549d28b786568636bbc8362d2a78f2,0.046133626,0,0,0
c99a787752770b8952297e24e07bd404cb2f4f74,0.10534483,0,0,0
b877fb9abef4a19eec9cc7329acbd433648b8f7b,0.10828848,0,0,0
2b52dedd56503bf89b28cfbad21f59e3dd4d1d32,0.036097072,0,0,0
bbd1dc343992fde4baaa0309178509dd07eed536,0.37847412,0,0,0
dd5a0e6e1e3edb41afb4b40e4ec2c99e5932e73c,0.04688285,0,0,0
864721d54b8b372808b098e13120abe5c22fb9b1,0.11317293,0,0,0
18b1bc203bdb236bfd9084193aa2d55d4b605139,0.43871334,0,0,0
b2c1afce7eb13ea44fc7d25562cc3bb83cc91b2f,0.51810616,1,0,0
5b223744b49d3ceac9608959d2db82bbadb47897,0.4540504,0,0,0
031f6b082ff21cf1138907a7c666d6ff391bfd72,0.33044866,0,0,0
afedbae8aca69a092d65766640361801bf2b5d9b,0.4437838,0,0,0
fd59e545f4f2d697ea7e197f002c5e8eeca27004,0.04356633,0,0,0
3eddcccba7e0361d6e833407320908187b16ac8d,0.03494492,0,0,0
34a5e7fa91aa7ec9e75a16eb6f3d859d794d399e,0.055688202,0,0,0
fbb5d31a581c24e925c442a7754358d2b62a669d,0.26307544,0,0,0
17e65488113a2dbe9894f824f4321a06ee009e02,0.051692244,0,0,0
9625891a7bbc0a8b11f7cf9c2b4650775ec8ac53,0.26243648,0,0,0
13cd4e0ac3ab76a4dc091eda457f9a111727cba2,0.10138985,0,0,0
8ef8e2a7a5326eef6180951207f65d3c29bce419,0.30898684,0,0,0
844b2901fe4049fba29ce8c6961dfa25966974ef,0.3535597,0,0,0
faeaa303b903139f36c15751c8e48ef982222842,0.350749,0,0,0
5fef9575646f6583fd2d9ee01368b3deefe6ce82,0.07934292,0,0,0
6c687c70a1d5cdbc71c113b7d7402dd89a942849,0.38895494,0,0,0
c049aeeffd41dd9fb8075e719320846c83e5ea91,0.12407474,0,0,0
9bd439b4e0aa69050ef1baa537e552fa4620e5d4,0.061625767,0,0,0
8d6bc0ca625f3a1a98b486541fa613b2fac4b41c,0.2639091,0,0,0
d2fb3b0865a87cc909e4faab7733f993356141e2,0.05951258,0,0,0
10ebb32ce1806821518f52074f0d171fab20b3ea,0.333477,0,0,0
caaf97ed8804ae3bf6fb17cd98a5814cab834688,0.3291939,0,0,0
ce0c082898e3551d313fb5b73763f399232b3fd5,0.23433353,0,0,0
bd9adbb637a8a4aa5eb61c6fde2c576d0ab3c4fa,0.4682738,0,0,0
e4b7ee81c1773eeb0bb71ca53bf722f046c16a16,0.3310892,0,0,0
aa31bc6c313789c344d715b7c1aeea0cd8de47e2,0.37349606,0,0,0
3899cc6570bd9176c84ad2d5d14febc6c0ddd964,0.3190155,0,0,0
648eebba22d6398a01b0924975bedced8469ac80,0.34929404,0,0,0
8d95ae41975a2307501aa0f4a7eba296c59edce9,0.06593773,0,0,0
1f56bd103d53c8c6ba7502c6586c26be01bfdb80,0.057180617,0,0,0
c7c85ee39892df3ca007c6596c41654865be7e43,0.45076314,0,0,0
c503d742f094dc2048b72c3f78f5e2e6070a44e1,0.37273353,0,0,0
a2d41db55aa46bd4fedb215c978f03e282cf1ffb,0.28958482,0,0,0
5ceb5f57212935386737ef4af0d066e9fd38c5a4,0.33778095,0,0,0
cf6b6d8eb1b524b73cdb74168f3190ab471aa52f,0.3305493,0,0,0
ff8fd9578ee8f66e6f80cd7b9f204767845b7339,0.3253375,0,0,0
ab60f735c721103ac888d8d7b801055921336687,0.429271,0,0,0
a2660687980b36003a612eb89b40d6fdecb4b153,0.17820881,0,0,0
b3c31a379e9ad7cd22cb7f0669b82361ced84992,0.45622063,0,0,0
204ed0048f4812201ef65c9a0c44fa54a7d1e04f,0.078820504,0,0,0
103b64a373256feae6ca85f2bf220e7694e48fa4,0.47715184,0,0,0
9c506279188a90dbbe124386cc52016682d17b5c,0.14773668,0,0,0
8eace0187ea2c0c1a6e3a5b5e24e701f6e23ae94,0.24630907,0,0,0
72bbbbc559992e5e6bf17279d8194aaa80c62e85,0.31022075,0,0,0
feb7ba55120feb5e3ad3f526fae7dee1b5189d9e,0.29632986,0,0,0
bdb074610c87a210ea4c0d91d579cb4558f4b19f,0.11499086,0,0,0
64d820bffae723b9c8669301b246ae199db61b5c,0.056297634,0,0,0
d58d64ddb1f205a54c7eb57fe0cbec9c59cad8d6,0.25968927,0,0,0
d962a2b31c9a7216c2df557eaed3e475b13939f1,0.46295968,0,0,0
db6f7c1d74ba64211221a69cfa9fe7171a9199e8,0.40944207,0,0,0
1eecfc948bf6f4cbb9a2481313ca7368ec653056,0.3450279,0,0,0
ac5a216f767c6defa4da720c6ecb3baa05e30254,0.040777612,0,0,0
d9a2c69a9d1db6072e1d7b7ea4fcbd5c15d20b5d,0.055293523,0,0,0
d0f6be9886afaee6080cd4b7cd5d165c767b71f0,0.31132007,0,0,0
8ac857c41ec8ae02e57eb0c1c1a012525e7e14b9,0.032797333,0,0,0
10d2363fcdd6e15568f765ba0dfd5f0cfa0b04eb,0.03184671,0,0,0
8232c096cef785a2ba88a7324b882a7badb0af44,0.029474027,0,0,0
5f4249e2ec8cccb17b27a7ffd032c4fc237a6927,0.034041688,0,0,0
86a59601b570585dcb7a1ce3d1ccc8e16008f53a,0.22685392,0,0,0
809e2bed22f02264e0ac58bba070f6d84386cfc5,0.063684665,0,0,0
6423a7665516d738ae50d272e3b4ca72cdb89a9d,0.42511287,0,0,0
8274993e293a79fc75829df398233915a6387a4b,0.14515305,0,0,0
e2dbe55d56bd6c1209276050f527d36717e33e1d,0.14069448,0,0,0
10325422e5a4735aa87a4d47bdb377e09fe963d2,0.09995756,0,0,0
a069c490e8119189fa2b43d3b597b79b3d42a367,0.52766854,1,0,0
a945ecbbdda782b51d5c2c670345fbf4dffacab7,0.36212373,0,0,0
e4c72a5522aabfa6a660088aa9262d849756e464,0.38253406,0,0,0
0095d8adf26b9469115b1be0358cb09d1fcb5fd4,0.043998796,0,0,0
151f2cd3d80c006f4ec228cdf610c3a35feb195d,0.4034002,0,0,0
33884b226454324f27700f9069f4702b44ef8ced,0.24952985,0,0,0
23108b1bd90de315aed37fa3fc1f38f8a56ab9ba,0.043326072,0,0,0
d6644e4fbe3d125eed2d85e58fc7133466042f10,0.28276747,0,0,0
dc53e49b4afa5d59c533cf2b4918402c37411fbd,0.3777054,0,0,0
f9cab271b3bc8c2fb6e2c51449ad3bc07e62e174,0.40379104,0,0,0
383bc8eefae7e17d0bb0349ab2300488c655ec42,0.36959442,0,0,0
eafeca43268f16aa9d4a179e44b9e7747699c1eb,0.36516067,0,0,0
4733cb5b798cd72aed82a9118648b4a86c91539f,0.42243212,0,0,0
9f89fd4626bbb4e34a905835e397bcffbad59307,0.06994868,0,0,0
2dd459003e19e4bbc2811b10d38337f295fc5a19,0.0310427,0,0,0
8d601ab71228f7c3dff950540e7ee6e4043e9053,0.048247587,0,0,0
0f6a292a29fedd49741310cd517ac4ba907bf8d4,0.036306787,0,0,0
011775551ef75d75f81189eb4604fd0f2ed424ba,0.04856156,0,0,0
695342cb1cef42f30fd1a8496f181c92b21ae82d,0.47492695,0,0,0
c14890f08b9bb47ab8ad27f4dd4c714e32961d0d,0.41738743,0,0,0
f3d2d55ab9b783af65f2050272cd0318a9ad23a2,0.40272453,0,0,0
c0771cbc3c445a9d1d2a43ac4ce3c0edbc806957,0.21442047,0,0,0
3aface95813003ff75505e2ed7d75b072228d3f8,0.20588973,0,0,0
2c437a12bbc578442daaef85ab486d1e55763853,0.063200966,0,0,0
ab0570e63aae3027239dcd5d22caab95111a5de8,0.28517747,0,0,0
f015fb2b31a5621689a57ce9d2d300e5f32357e1,0.08463483,0,0,0
cf950e7365848130c5c2d57c871652e6f83e96a8,0.2903353,0,0,0
e6b830bf95f712672cb9e77cd852606cd134c5fc,0.34833664,0,0,0
09c52410e62b0e1e221d413d7ab18feefcca6bf7,0.1855021,0,0,0
9dcd87f9c46786f3da54af7ac1ba4696840dffa8,0.43997237,0,0,0
f55530a2ffd3c481f6554d98e9d73f2e8c62ec8d,0.40907708,0,0,0
dfd69e038cc7035031d1807c4ade870d2a7e2ece,0.31187564,0,0,0
a49ea7a65b7990b3e6e625bc8bfff7396ee49300,0.039569717,0,0,0
41bc4cd029fc486b5570ec344cdeae049bbca860,0.046366587,0,0,0
51b2cabf2c3737de06fc889b39d40240d1b134c2,0.04047978,0,0,0
8a05e0b0f640289c32f2f261f35450532cc2a1aa,0.12854652,0,0,0
2cd3f0f10a797b744509903b8eca4fd2fd4ed6f6,0.35311487,0,0,0
8c1a0d2ee1433681958809b4a0fede65f62936e6,0.17997709,0,0,0
a08ec31dbf212a033953dc6916a743dccbb93e37,0.043849993,0,0,0
795fe5d869594bde53f8490d75eedef6185b6c37,0.07248457,0,0,0
5556118ad13fbb80a56d7b8de6f960e9ff8255b8,0.10547931,0,0,0
f643b4fa939e89348618ddffae20a804f4461363,0.18581618,0,0,0
bd5cc81ed7f91865aee7a5a7febeb237220d0c5a,0.10212699,0,0,0
657704627b297a19a693645cf03c5c70ccd9a8bd,0.24365254,0,0,0
363cbf7908cfcc6a538126bcccf5c955afda6aa1,0.032371648,0,0,0
c636539836ecb541d9ef71f2d347772cf9f6bc52,0.037265502,0,0,0
7cf5e01c2a152a0b612cb19e02213879a57c14d2,0.33838633,0,0,0
e8d861359ade336badcac3211e5aa447097479a6,0.043977182,0,0,0
044367419dd317eb9f9935d8360280b8b8695462,0.195905,0,0,0
86a082e8be8c51f07079ded82d6d125c9efc1791,0.3421055,0,0,0
ab25f67348d4885620df86497889c1826f013a73,0.084065504,0,0,0
07811434b773b6e1737fe7dd3775aeab8afb18b8,0.26271015,0,0,0
5bdf0a938adb384bfdb6cc494a2781e2ac33b0ea,0.18056196,0,0,0
30c85ad05363767deeefee577063c2c432b971d4,0.3788152,0,0,0
1661e5519c4836a5a940b13b7797263443156fc9,0.056588605,0,0,0
a64153a3710c5035988690f0acf57dd61b711cf4,0.32296413,0,0,0
954ade4c1ae2adc0aaac3a1dbe800495c519520c,0.3039046,0,0,0
4bd982d1a1df87724682c17c39bf27b5cbe389be,0.06210679,0,0,0
a6443e146f825291308319c6a0f2eb82aa34f8c3,0.35241532,0,0,0
914844e1b226a1ac7ba45626ecfdfb56e7b2e263,0.31628293,0,0,0
98fa164cd88d126d0f137f5bcb4a1d180e0c2fc4,0.104022406,0,0,0
c79e6fb8f95bb07d2394221b29b75fcc016f4900,0.145596,0,0,0
6597c196521af500feef7a02610727eafa7ec1dc,0.06372748,0,0,0
4670a941be92a55fbaaa3b4055d444e07ffcadb0,0.04160495,0,0,0
cde4c529034e182a982fd842252ec410d213c34c,0.44418082,0,0,0
b5f5449cf338376d12404d0190054525987f4276,0.17764325,0,0,0
721a6e59f7e4f5c0f3196d3eb0e81cab5e41d065,0.048613723,0,0,0
c7c424fb9c3a39b6ea036242e44cdca324f7d104,0.03294227,0,0,0
a8f41ec97d139f5d0d7cf161e8484f2bb809facc,0.45310038,0,0,0
0181c8059c081d144cad36d003379bd50fcd9da7,0.05126858,0,0,0
90f0a680adf3eaa95e46e96d28ecd6848c74bfdd,0.06531699,0,0,0
12e597a78cbf9d82414b944a5b285d81a2e27e51,0.2529715,0,0,0
b45435c950e6f6864671bdffde29e26cdc8ce15b,0.17296678,0,0,0
4259a706ab8641f408afc3ce224b1c0ba5a43d17,0.30145532,0,0,0
f0f896ee600ea7ff66c083747f370453b914be48,0.18531074,0,0,0
5482ce61b003726a9476c76a4337e043af4318c0,0.06346896,0,0,0
31a9fa0cce769c976d74cdcb6e6ce8831793db7b,0.038939465,0,0,0
1a20867d01ef8ee5b32b0620125b7c38a10b80c5,0.046499938,0,0,0
1731949116a7278f2b729cbb9e505580c8f56980,0.22524731,0,0,0
b521820b23c45fd068618d10955eceed48801eff,0.04878123,0,0,0
661d16d190708a1a396d8b75ba10738e4574c11d,0.04554623,0,0,0
3c2673e82d33b6c9bef3005a896e5b0d52b108dd,0.028481245,0,0,0
99900ae089cf996bc969f0673349c06c2e6fbf1d,0.033981275,0,0,0
811dbe7226ba0ede04c2062c2dba8f72a1c03e58,0.31389046,0,0,0
9f7d03f09172afcf0a7be40e3262d151ef053b3c,0.26371437,0,0,0
3c89994355f3574078c832b2dcacba0e65e87ed1,0.43352872,0,0,0
d547412bbd2a1ca56769a2bfa13b7ed9547310ca,0.33223617,0,0,0
d3146a545612422d3f8078f10afa00342b327199,0.44994542,0,0,0
8f54030347e31e0b1492fe874a1f1b67b89b836a,0.45997414,0,0,0
f059e5f7fa1ac4a906b5d2e18d72d410bf28fa2d,0.39672887,0,0,0
a5e76ebc404d419651c2a25b1a62199de64cccf5,0.26341197,0,0,0
a91f76da21faf4e8b70f0f69c6db2521409e7d29,0.046449184,0,0,0
5a52446090a67b9b04b67a0b7aec94e73bd21930,0.03526605,0,0,0
82cc24437f43d07880d8883229477735431e5d02,0.057354916,0,0,0
859224ffadb79147088840732236c1fad341d842,0.10456853,0,0,0
314b6b56bec4af56dba667d66a25c1613f4bc800,0.48495072,0,0,0
8cafd87c83f4197f7e8d14de8cba453c844266c0,0.35026386,0,0,0
a060733e63a9cc476342ca190d04ad027a241d33,0.045869246,0,0,0
e685d847b4c70e354e47ea3990cefda3265aa5c6,0.18136822,0,0,0
c8e648b92cc133a604b5e1f4da1ced943788e64b,0.2840499,0,0,0
ece2f255eed8ad9eff6e236152de65e804c6adb5,0.034965526,0,0,0
9766e22b42b7b3f3923cb9c2502dfc2dd5d0a5b0,0.032691773,0,0,0
776b86e99a1ce18a5093db457109807b766d49c1,0.036944654,0,0,0
e1bc286245ce5f798b5312d65bba64c71921a3f4,0.217492,0,0,0
585b1cb97b4b9e81b55d68e04b6c1e1195058a8f,0.03712358,0,0,0
7587431987258e94748d5f2fda1e6ca049a21600,0.0507909,0,0,0
53def501409cd1f9e20ac43edba6f2949bb366c8,0.11715021,0,0,0
7c19a1ff4c217f03c0be62baf1169d689f566825,0.36526284,0,0,0
8cfc1b1207577943d412789765a3a2085f1b3036,0.19310403,0,0,0
577f7b3b5462fdf84c0956a3bec5296bf7821677,0.20378749,0,0,0
65b08c4f91a4e5d78eb645b46d06d7a46f8c62dd,0.26820195,0,0,0
0344ca3f2d43e3732bf16370262303be8761a523,0.36359653,0,0,0
c68285bb3392665827595ac408a5fad828b0351f,0.3248267,0,0,0
18e692478dcf91fdceb9b9fdca7c61a1111d63aa,0.3031347,0,0,0
f2d8493ac44995170ff84bb895e3a73e0127cc68,0.27255958,0,0,0
f5ebb9a649e9dd0773f9bd3457d6ce1895266d59,0.04793208,0,0,0
3e08af573f8b50da5202f55df62c925f88a47f3d,0.35360804,0,0,0
cc94767e7eabdfcf9d1cab1d8d1d8556864394c6,0.09690837,0,0,0
d6ad3f01574b839670d4ea5cf82a601eee7e0c16,0.34947872,0,0,0
a2dce32cdab108e7e281dfc27dd0a394e1419ce1,0.043008864,0,0,0
fdf05fa29babe21e64f9a5b268dc8406d449d4f1,0.06432645,0,0,0
0b70b01a9f1d9664bb5eac737175f58f06979b60,0.039489493,0,0,0
7076b7408f06bc8a277f58e7bb6c2ec3372d5d6f,0.36035323,0,0,0
cc6beb2d05347fba64d933906ae2b712b1a43302,0.1838753,0,0,0
c7554151d3f695718a5bd431e22c7f4c39a0b261,0.06851749,0,0,0
ae862ae116f2056421ab8d6e997e7b64a95828a5,0.26076,0,0,0
d65b9d2bed09847ef28b9ceb30c9f8a96e0c12fe,0.09423005,0,0,0
36217ee164239391c672fdfc8f5bd080beab5c4b,0.25405943,0,0,0
44854912194177d67cdfa1dc765ba684eb013a4c,0.45164955,0,0,0
fd60085a2a3891ab6db46dd3b75e9dd67a7c734a,0.45392683,0,0,0
f4bfd9c71f51fb541d0fd203f0df2e609632dc62,0.28258234,0,0,0
3b6867fc25b5dbf27925fdced660553ea8289dda,0.29550004,0,0,0
ed94e5a5cce33af89dc1b1475204734b17f64bb0,0.292124,0,0,0
87eff4c78fac85c1b5f2309887f6be5fa2972537,0.21644747,0,0,0
732ea5e94fdf8fef42b5c21d001983fb24d2842a,0.042688277,0,0,0
09d70ce73dd37544c92621eecb7faf062fccbd5b,0.26517853,0,0,0
060e66bf995177adfc4d73a2a4c9bea70dc5e441,0.36431855,0,0,0
9a7de3974d64a5410e577933e141797928adca71,0.45415628,0,0,0
1e9e36640f762d29c07d8322c361ece163b179fb,0.2548809,0,0,0
c56b87d6efe530590b6d9a07e41ca00af208ce37,0.3969079,0,0,0
07f3694a5c85ff5ee8c556817c0d2ea3504f26f7,0.4147465,0,0,0
5cb988334179b4f04a27c59c1e6a888db0dbfc9c,0.42676008,0,0,0
713c77ceda21d0c3cc9c213341259d64fb46fdc7,0.43926474,0,0,0
729bcc46b503c1574c7c93a65e902f436b4ec6ec,0.038621172,0,0,0
6ea2fc8d38e035bafaa92c7d3b007be38c2e9000,0.047469806,0,0,0
95fce758b0e12837869cae450d8029d7237b0dbb,0.049528107,0,0,0
6ce88517b3af6d48c979b6e984889b69c044561c,0.03562897,0,0,0
b52c69b1b0ba1c542b917247f1f76deb4ce2a42d,0.05238441,0,0,0
125cfb4cab35daebe874a599877d6280b464212b,0.031221114,0,0,0
6f03c0ce11db4a270124b9bf93338d3db9fccf5c,0.04043772,0,0,0
96a1a31d734e663af5c9bcda58c7bb5870e8a363,0.032557875,0,0,0
7aad59482002d0b4bc3546259d33eab20ce76b9e,0.3367728,0,0,0
c1ffdbab58712cca8463b3edc88f9d5a09b0ca9c,0.20135464,0,0,0
758228f691b34c97f421ed92336772531495e0cc,0.070594594,0,0,0
a26c66a8edcf029ca5f94354cee0db267e9ccc20,0.14536059,0,0,0
8dae1f2904b93127f101bd36c1c79e801385a8f7,0.11101517,0,0,0
4f928504ea91c3c1dd43ce696acadf76624240a1,0.25808427,0,0,0
22c30471564c730b02f5f7cedec28fcfe5749fc6,0.031430297,0,0,0
10122741eac52e218771f30c6dc2c0aca54ff006,0.038797427,0,0,0
e863dcb2e7a654af6b8eb5865d8d1d8eee0a6d28,0.42255706,0,0,0
d8ec011d770e1e04ef4f87fba673f3748f363278,0.15636152,0,0,0
f7cbda67518ed7335566ebf942cd170a66746096,0.35632476,0,0,0
7d061e33e59e23dc4b03378f35f50a7d70f033b3,0.08289669,0,0,0
49a876cb1c2a49583b9184ab58a579ac75525986,0.32923126,0,0,0
6dfc3e64037f10b84fe203415e79e2435acff558,0.32296997,0,0,0
5fb74a6618da0ca8b12a3346038164913a5d27d5,0.36679327,0,0,0
f5a9effebd7209f3fa5385f18a5e59e8a09122f2,0.39060646,0,0,0
c614fbcc79615f93d2c60a153db6e82d7474c425,0.03559792,0,0,0
d575057852ab2be41abb39b8de69a35cace5c67d,0.42615685,0,0,0
c8e61afdb89c58ea8ffaf04593da41ff0888d30e,0.3905177,0,0,0
c3b1fefbad0c67c8556ba6b4573f135197f87598,0.41806749,0,0,0
60412131f3679b720bcaaaf3dea4be666cefea7a,0.09386596,0,0,0
2ce40494073aa4e9bdcba4c39d24727b7141d227,0.032785468,0,0,0
2e9f3a80146262511ca7bcdd3411f095dff4951d,0.035918225,0,0,0
2c0429aabd2632c8c6a242e4a23d5eb6f46035c0,0.3503493,0,0,0
bb3fe2a37975920d1c7b9cf16309d86fe86e1a35,0.3640377,0,0,0
cb686673a70a6f14c35575550c48c37d19a1598b,0.18180388,0,0,0
357fe1378889e5934e8f60c8d35397bf63871991,0.16269481,0,0,0
9c886bd4a188c91301029040b3a839e4b8e2812d,0.31635886,0,0,0
8b62c114cfc5fd347bd8cb5a391fdfa8cb539435,0.19140342,0,0,0
56b7ae44f957aeb884efc797ec74c790a7a3abae,0.029840607,0,0,0
17f9d22f334c91e701808808170bf60aae7342f9,0.05652869,0,0,0
9901bf98e4921df1c85e323c4b096b7feb80221e,0.34447855,0,0,0
aff0fae2ec3a7d74356776c183c6986eb9eed520,0.03887923,0,0,0
1415c9a2a6317dbdca6f1fbb530db1f558d9bef5,0.05004292,0,0,0
e51bd89201477092c32c180e4f8d00569db17ac1,0.10817594,0,0,0
efba54d35fa094de5e580b200a8607bfc7bd5a7a,0.0681755,0,0,0
58a8f12b443d7cbc16ec00b8841138ee55ee6630,0.26494616,0,0,0
e7d16c27629722a93a9d36a0b5e0a3a793850544,0.047997538,0,0,0
3fadfdd69f4682f05563ce53e55743f55813f488,0.070968434,0,0,0
bcc4f82a7aca3fe72142bd8d9ab3ac6c9d4d2767,0.43863416,0,0,0
54acb6e10f33d5f71770323e9769d2dcc1130a86,0.031646285,0,0,0
bd4066eba88a772c06394d818d87aedca8bea53c,0.09474238,0,0,0
09ef69c5b51115300da6df43690cd455d83c8027,0.19970244,0,0,0
a5391bb34cbe168f2c5f5f6e8fc3a1eeb9399e13,0.35413957,0,0,0
96cb498f9bb88b534e49f9b8301c9fe7113b2dfe,0.37788278,0,0,0
f4a262df5204221184f1f5008b06957868684a25,0.3864255,0,0,0
81ee0d062c888d8f8bcbc154cd7f0143710f458c,0.37595013,0,0,0
4aa4291ffc143486757617b743c9670001f8a7cd,0.3731093,0,0,0
ae6a24dd439a7b778e35b484a3a6eae1a8eb64d7,0.41005296,0,0,0
9379d0d36acdf78455e81518b3b1476c7691f056,0.0504227,0,0,0
2521d9619fe1f052ced8ea1107851ac98a1b7488,0.05048305,0,0,0
7721302ae5d70d2986d74ae7e7df648bf849997d,0.08154134,0,0,0
1cec9a6fe588c047daa6c711814453840405561b,0.04502506,0,0,0
a36c903d4f1065bc59f5e6d2bb0f9d92a5e71d83,0.2783114,0,0,0
08aa21f9217df0a28d48be5be5db03ddf4867140,0.04610533,0,0,0
4f4e2b064e98ce1abce98428965f8eed86f4543e,0.3202565,0,0,0
2a11642511a3c69bac5aa1abd83d3219871395e3,0.044482213,0,0,0
ce178d8e87ff6f9a12aea4b217c1e09254936236,0.18652678,0,0,0
9fb4f47f352dc1c1f5f20de80840d39e1eebb985,0.23646843,0,0,0
762641dcdbae9456aa2b72ec8fa1baa0acab942f,0.039667718,0,0,0
47a9ea7c828772625b9e26c0c7a6db494ea626a3,0.047405563,0,0,0
9d090d40ef488c6c8e0784da877b93a05034e339,0.47055793,0,1,0
e7e48da660e17bbe5c0f8959c2cb9f6d60555cab,0.11048933,0,0,0
5d369c4fc53a2ef5c47f16eced9fe917a87146a9,0.32221398,0,0,0
558f84322cefd02246c49666d7e7a3b2e2cddc13,0.23402193,0,0,0
b0580d508bdee2903f05d95d59e6e9a1dc9d710f,0.6311289,1,1,0
32155107dd982360e813d10d0c76f6f7cc2cc7bd,0.28348625,0,1,0
596afd4f5a73c7fc756d9bdc12c6613856ca27aa,0.6380092,1,1,0
7f0046cf4e2161f0145e0e59a1b9684b04061916,0.2765843,0,0,0
1f5e68b5612053cf35b31a13c8b5e8341d892f93,0.08250011,0,0,0
b236d5259f95b755aa5e1d955c8f835312047d77,0.30260473,0,0,0
8fe95aaec201acc964ffca80954e60f7c57d7413,0.29679465,0,0,0
d5b16405c77037e37bd180843c1eba79117da7a6,0.18277216,0,0,0
d3aa5b77428d77f5954e30b14e7385c15f6f398b,0.22232142,0,0,0
83119a80aa1551bea003ea6b9e65b616b7795246,0.28010944,0,0,0
c4de3dd2bb8afb3323fc3aaf394a463aa4222768,0.26687548,0,0,0
f7f4b909d0961528c9b02ca5492b2a57a8df8bbe,0.3382011,0,0,0
bb3d861fcde210e45f3d3ac59d8ee6e1e4086cb9,0.3315936,0,0,0
1e6dceb8ccfd2c97379f78066ef4ad2b9a17b1d5,0.30429095,0,0,0
361b73775230d91b4ad9ed588d6d57f3a049e907,0.30821496,0,0,0
9a2f53d2d56fc58617f2bc7e8ce7f488dd05d47f,0.33877343,0,0,0
6ee118d2a12a4c0bde2c5b828e05ea9b18d4be2d,0.23628071,0,0,0
eef240cfdf77df4d3ec55c2f03dc52112dea7553,0.41530308,0,0,0
0ba5e75432717181296459b9bdc98f9cc3cb2c7d,0.30725297,0,0,0
5d83e4deb81aa7e06e4587809642e70ef9a03662,0.034511834,0,0,0
c635393fb9996ec9d33b32ca27a720d6d5593255,0.30133396,0,0,0
cf4d2789901be233792839384ba76b94dbd25888,0.30088577,0,0,0
46a1c86ab3f4e2068023a1faf1c704443f3f36e9,0.074210316,0,0,0
d31ea317a5fa6cac0e281bf0aec5367ebe45a217,0.2919037,0,0,0
88564caa20e4bee55287b258543cab35e9d3adf6,0.4312096,0,0,0
9f0af0bfee5a92e67ee54c185f49fb7c771c15ff,0.21576737,0,0,0
05f3b74fd581ea5f8946c64edcb293747b4d9a71,0.30755374,0,0,0
43e4df85bda71ca1500112912a83d3ed19868c4c,0.4387363,0,0,0
8283d966f47280f682a1407d499346a383d1b1a5,0.46636087,0,0,0
5878adfaf37ce37e6988956e4cd5c833c6ec61be,0.5194732,1,0,0
ace5ba00f7067d517a35713f439344f24144fb79,0.34384546,0,0,0
67e443370e06288fb2702d62c0206221413ab852,0.20891227,0,0,0
9687cf07f34bbf5f67c17e75cadd287b9f6662cb,0.20633732,0,0,0
94cfd56bd9092e0fd8579120630dba0c857b7777,0.44459924,0,0,0
077913c7e9eb8e4cf8863b7545bf53c2923066cc,0.26552156,0,0,0
fbb81a37f80fab1d1e21435782e034eade76114d,0.34354183,0,0,0
278eed3e1f7cfef2d39a25aba53f4478c3ad8c58,0.33151516,0,0,0
73dcea01b19ed9fc9c0d5a8c38e752bfe071c801,0.062817916,0,0,0
54bbca89040ed195b89478713fa4a181cb2bca3d,0.05646311,0,0,0
1fe64733a2a28b795bddb152e9adf7489b6ea7c2,0.34927154,0,0,0
1194c69fb122709872fd634ae9890cecd1d83e90,0.32730106,0,0,0
709aa7bf9c998cc75f6e0be7d258aa5a07ebce8b,0.4130602,0,0,0
cdacd4a987755572bd4d6d328b371644ac07ecd2,0.47420967,0,0,0
ee7ed6e655c08774387f9ee60ce11b84d7901cd1,0.07579728,0,0,0
edd64cfd822ae2ca2faa8dc1c73edc38a6e19f0f,0.39893442,0,0,0
ed085d064c0f80b0bcf382550d10fe6b6fc9f283,0.15292428,0,0,0
4a025d3f8e31bc3e944399990b3a4baedb90e630,0.37306798,0,0,0
157aa8daebcc6a464cfb350de346cc550ac13d15,0.04041071,0,0,0
0dee0324f694b1e035b9c3dcc6923278defe1d3e,0.44839424,0,0,0
136b96c803ce4353f2cca2b24171ddbe74345fe6,0.33833802,0,0,0
99c63edb10e945d466dafcbacbb6fe930f2a31ec,0.32697374,0,0,0
1c8fbeaec2ee80d45b78742d63aeec0c9d0c4e9a,0.24103452,0,0,0
b1162d812eebc9298b7fd62eac1dac119ae5f271,0.28237715,0,0,0
125c820e8d43df150ac09c9da5b38dcc1ea6e03e,0.29830113,0,0,0
680752e1414c07fe4357d5b6fe3052f3d9dfa374,0.23979148,0,0,0
f36d6870f2e1feef7f1d6fffeda056fa72c051f5,0.25799283,0,0,0
62e69cf4f2fcb3ad8bdc44f75f8a9e3e20ca7337,0.037518267,0,0,0
7df57879c92a467cd71860e6cfe14a04a49fd031,0.41067424,0,0,0
fe63f95fbff43495e57ebc37350798dee024cf9a,0.3380114,0,0,0
719d0c56036111d07c46ab5b0f379f62f14ecdc6,0.24017449,0,0,0
4951344fb2ce246e0cc5a2dff90d24cea6eb3a75,0.091839835,0,0,0
c151913ae25d55814c40b7f922886d52c7086787,0.40206802,0,0,0
ba1e716261e055f84baa9a47f9ae2ba959d54390,0.28161705,0,0,0
894fd838fb695d794fbd28cc66c82b80a9688c91,0.047336917,0,0,0
ed7710f41c594c030188917cc773adbb6107383d,0.045103654,0,0,0
11ddae0a3570fdeaa421e4e378ae14bc173598ba,0.03606882,0,0,0
9e8b370391f5b3e71cc349a2ff556d8a3cdf1232,0.03728438,0,0,0
15ee56bd0f91ef807a3e729ab3410a834ef3fcef,0.04116884,0,0,0
72784c46f6a7d7644398db5c7ac8bd3822c523d4,0.08924422,0,0,0
90559c49bae582697906598c735385c19daa6da6,0.49855947,0,0,0
b34856498ed290a4883b077db0d4df2991ba190f,0.13151345,0,0,0
8cc80dd1a449f98924ca9e74970b35f940d43800,0.042955857,0,0,0
84a844af5d30ea41750071dc8140a56e9e146bc8,0.2585735,0,0,0
6f95e26fc92e929fde30d592e7572493d360ea3d,0.33327937,0,0,0
fc3d530961ce4f23fd2c8310f82d6d1fdaae6c16,0.3225754,0,0,0
53c08a37ef81ed2aa3ab57f5933ebbc5db68328b,0.33457837,0,0,0
bd861c0d8009bbd51137bb97d15d5aeb8902eb2f,0.3229868,0,0,0
584a10fda56263ec0ed555f9866a1a82851a83b0,0.33207425,0,0,0
aa0c114ac9636012a941ebee49d69cbd6f6291e6,0.3160609,0,0,0
bae09b4838de43ab6a8be25ee25d0d11f0fe7477,0.3538222,0,0,0
4d8331ef9c3993ae1d3c091a758b24cb9a037fe4,0.28260878,0,0,0
1d1cb74151d6fa0272d607d06ffb85ff4a50e972,0.19838306,0,0,0
6602d00afa7a5f32218784dc54975cae5540a255,0.18627286,0,0,0
cd78c96d225752e3656a2f1a302298370b55a4c9,0.2122263,0,0,0
f27cca133f9a28899e00488ef56b2f8a2700a68e,0.20646353,0,0,0
3fe52d0cd85c01eadc44933df5596d177c3ecebb,0.1681081,0,0,0
81d1982c3cbf56f77e2edf3f063ff84e6e748549,0.19662538,0,0,0
e32f477085a9b6f658463bbbf355405980c515bb,0.23954462,0,0,0
7419cdb1fbff1096edca78bc5db34f7fdb3b7342,0.21783476,0,0,0
ce1f9e29288cdef4fc295ec2d5b4f846f0b732d3,0.208342,0,0,0
60a8028d22b88ee2f2d7cf7657ed35f4046efe79,0.17507792,0,0,0
c779a5ddb807f1a84e1e6a5e43a0f1296dd565cf,0.19341785,0,0,0
c2bfafd4bb8ed95e30dce29e65a9afce26a7d860,0.18885763,0,0,0
e48157a0de54d6b82137d62dde9cdbb4bf5c6f40,0.15166378,0,0,0
6d908d014c25ef3da000789dd56de0b6e7c9ea8e,0.28207573,0,0,0
5bef000847001240749e50239a25ea69485c849b,0.27479059,0,0,0
82c1bee3f786f96fda51243f4cc6d50995bd90b6,0.21015568,0,0,0
5f84693e1db2c35b9b797614e17136655c433335,0.30691335,0,0,0
dc8138a8a9b022d156c4d04b2491b269661db396,0.29461557,0,0,0
233746d8fdb7e71a63b5cddb55421eec87bbcc4f,0.2685542,0,0,0
84daf6aee0175303801e710dd2d326ce252d2f88,0.23518156,0,0,0
6df343df2635e7e0518a09c374532ebf22a30529,0.25631043,0,0,0
6cf4249650d72cf21ae3addacb5202089923ad91,0.03574143,0,0,0
d990feb36764cda778e6b4ce9469654229ac716f,0.27878767,0,0,0
393fa5df9262c339e004e061809c73d7637a909b,0.25950044,0,0,0
59899e1c820cd3fb8789b9cf8648b269b97763be,0.26597598,0,0,0
2ddd54a7ddfead528f2b1de92dc8dd16be7f5f89,0.33052662,0,0,0
c7599fd2a84b3d58473fd16c5df4034a8658e925,0.3035538,0,0,0
82b547ad25147df44f27a3534a5b618755217378,0.28931823,0,0,0
62e56cd3884d224e42cc8b449ef631a0909a19a3,0.4082852,0,0,0
a85fe84ce63f873b760e311f27ec42e05f1b3f42,0.23980092,0,0,0
0a114bbdb01548a69c7a8c155bbdef7785ecb389,0.36034197,0,0,0
5310e25a6cb79eafb21408fabd744f9a76c2a020,0.07501339,0,0,0
8834c8e380b7278fc37a4e6b80a9198a895d8280,0.07906587,0,0,0
b9284992ea3c8c484893517ee9df3b2274296959,0.35135034,0,0,0
939527bcc5b80a1788d876d7e47fb45d71d21424,0.24755473,0,0,0
26e77ea86294f5a9aa929f9acf7dd76a046453bd,0.28114182,0,0,0
3adcd2103d1be4feca870536e8f7a7549f6d492c,0.2947768,0,0,0
2edb7a20f3856723fc715f7c72e10e72ea7df385,0.31085667,0,0,0
9843210e5755d2584efd3496d59e50e721187842,0.27561936,0,0,0
e6cde856d76935ce2ca5323579d2557f5412c774,0.313127,0,0,0
c460996e75df489d6bbcb732763c10d01e62516f,0.5012366,1,0,0
115198b9c94bc66c7a659a04d0e2f65959ce9297,0.17018372,0,0,0
276552d5e73525cdd29d9e809659d35f34c5250e,0.18873979,0,0,0
c0e4ebfbb0f8c38ef672394015f47fd72ba06cda,0.18309885,0,0,0
c61154272699761265a1f2e5282ff1bdaf714b6a,0.413952,0,0,0
f0b18d27f01492af6874baa8415ad17511eb5d4b,0.48923942,0,0,0
45a0337e1d9d23126dcaeff9c0ad96c5b4011957,0.050102454,0,0,0
90f4139bf75c94aa1ed62c5f64c3ffd78a1441d2,0.053265244,0,0,0
67c51ed7ef1d7acc4010e45eaf8088bd91cb702d,0.33984578,0,0,0
9acc3e824e2efa2e496df8458d207b5fb5722e6d,0.40187126,0,0,0
9dbf8388c5bfa0c7beb15e835b3a5e6fc74ecbf8,0.060913447,0,0,0
f30855735a40daaffda15794d7abbc6ab8c699d8,0.323545,0,0,0
39513f9142cb82b84181a11905b3866a49d5a3c0,0.05150925,0,0,0
289e7a769ec9ab110f85848b281c4c143ba84e57,0.26642713,0,0,0
930015a137f6bc34127d7646b36d0550842fedfb,0.03734086,0,0,0
a270ff62852e62b5ac0f943a7e57292a72b77271,0.038090996,0,0,0
9f0d58985f4588981eefaca0408e767eff1bef73,0.43110153,0,0,0
8f346f9f1263b2fd5923abc0956134df15fd9325,0.4258566,0,0,0
ee851e403b5ab4b6b33713b08f9568e966ace052,0.064655736,0,0,0
55e8eac25d81f07bebb16d812c97edaf1393083f,0.45899132,0,0,0
c8bdf60d1d0be609094e14054be0b9af0fb05521,0.058007065,0,0,0
9d4f2ba886b003980f2c37a4de7a3e6c3c701820,0.112509094,0,0,0
8713af90d540e7bb01f8ba1fd99f6c04e41a7433,0.04448656,0,0,0
eed8a7adb3de7441751e846f4a75d110dd205f23,0.16981043,0,0,0
b9e2a97758ba6c007fcda160c4d8b0528bdbfebd,0.30795732,0,0,0
07de4dd578727555bb94ed421498f455838b317d,0.28465635,0,0,0
641aa1c663ebead0189bf001a06ee56463070ddb,0.07291879,0,0,0
b9522976f462687b0693b7229ba5c7faee0cb74b,0.03925339,0,0,0
2fd2a76110af7ae07712af01708cc00310af64ef,0.34005454,0,0,0
5723ce72d04c8ff7af8f245518cc48291701db0d,0.27565402,0,0,0
611c73889b772dab7315c952902d5c649635126b,0.07925222,0,0,0
b5b45d3260bc83d2432566dfbf22f0897240bece,0.04548447,0,0,0
22daa5f1dd4396e94224841b3bf0e9f226e86695,0.09007812,0,0,0
4a9bcd0f5211c91c4c2f47313c8f8013d0dfe03e,0.111435264,0,0,0
864fda4370a8d1bbd942400dd899653fd5d85244,0.0435835,0,0,0
96eddd6ae1427222986eca344b898b3332792a01,0.24857391,0,0,0
8da9a65b6398931af18febe082299c5c4b932924,0.2575065,0,0,0
8354ffffce024a97ef5e05b7cef4a82c263fc07f,0.20284975,0,0,0
0ca8f9b9feb2d74c6373d1762b1eb4a6b1f7f4b8,0.2900687,0,0,0
13467cbc7f319f7f7e9e9185a673714736e77b83,0.031018378,0,0,0
e63c5361937cc2598a3cd030f79733cc8c22b6fd,0.080267176,0,0,0
bbf65339023bf627a1843073cab699ca1831aa96,0.037061103,0,0,0
56706c8203ed023a3d21784b6e7fab40375eb9d0,0.06722375,0,0,0
274c9c1d37a47ae9bc1cdec1b0b0e4189dd44845,0.47439,0,0,0
b88b065aa955d7a7d8f74c427b05d2243eda0779,0.15252183,0,0,0
949d74737327f114ae97a18f9bb4a4f5626b59a5,0.3132667,0,0,0
9f1dabed562e5953af25369121fa7fe221a20276,0.45411134,0,0,0
d86509b09672b874de2f933a511a1f74af6814f7,0.16755424,0,0,0
525d1fd7ca383b3426341c58ba9e2d2e886a59ac,0.40014267,0,0,0
a528bcb1ebafb1eeae14fd3e305f3636d6c04717,0.2784774,0,0,0
c4190304baa18d3a376c3c2232f45f63c479a5b8,0.40424734,0,0,0
bce159a0c905f673b8e0e4c9899543a812fb904d,0.3419615,0,0,0
333971caf33dcc05b6f714fada447e9417f6fdc0,0.22904514,0,0,0
9a6e25230eccfa131d40eefbc4f48a13ac31d640,0.2585925,0,0,0
b1c45ac691d46a8c609f2534d2adfa59c0599527,0.44932285,0,0,0
23747116069c150e26e0dd42d61331b1108e1e01,0.4385729,0,0,0
74ad2114700446837ed451f36107a056301a65fc,0.09467191,0,0,0
dc9032be284c70f53d8f9031cc90e01678a0e55f,0.28163004,0,0,0
6b9e6419fc944d3b5eac58187a6cd56e97328c2d,0.27245098,0,0,0
a424d2ff172aa3be9eb5155e732e6f61915d7b5e,0.032545608,0,0,0
004d5e672e9b2734a4c27f0e20504fc615da3476,0.0600429,0,0,0
b6b59b189c1274ae43e844863c7a2468c0e16b4d,0.0301793,0,0,0
73733206b943f8a03d18574eb7585285eeef05b9,0.4026331,0,0,0
fff00791ed30f338ffc085f099be5517dc359261,0.59957236,1,0,0
b8ed8bbd5eaaa6d3e463bde3accffdf3dcbb77b7,0.62666416,1,0,0
256420016e2321dfd266f9a2ebf672516cc936ac,0.06818564,0,0,0
c4161ee29051c6e44773fd1837d2080489727dbf,0.37312394,0,0,0
06e7d46a49c5d31abca644fadc2e3ecf6f9001a9,0.03424867,0,0,0
1e8a31f417256b9f555b537a09c13f1135addbf6,0.379914,0,0,0
2d79319a8d4a3ea256ba1bb6364c1330518134a9,0.04440259,0,0,0
2a491590568140349f776b2a63bcb4ce74d147ce,0.42298895,0,0,0
32080b32a4eed0719b79f4be332ff5a55468ab7f,0.03459984,0,0,0
3f66e516a7f5833be9c87911952465220acef149,0.39718503,0,0,0
2a069edb7e7c46ef3c1f56e8fb6cadb779ed2e42,0.25853297,0,0,0
963757362ab2ff0f1636008815549322fef1148c,0.04164192,0,0,0
9f673d4da60a889ad5fefb6fadba1c40bb3e735d,0.07329739,0,0,0
1688a5a2444b3b636741d5675646b0b74820b4fb,0.09759229,0,0,0
284b6f5477838fce398036497e1acc206b1eaaeb,0.045519065,0,0,0
ffe28c43e0486d443234701ab9d791e703c88071,0.37473792,0,0,0
3761b5514470d3f06c9076b0821430d0c2cb2da7,0.38467735,0,0,0
a36442f0d08bb1a5b964b4c77d4c64eaf251c3e9,0.40653455,0,0,0
2ecede5902f9a132a632b8431a35daf5174e1a80,0.3397328,0,0,0
4a2e49fd8daa81cf2ce331c3a3795844e79814b0,0.04077971,0,0,0
8c44a71208f640835d7a205a7b6e58dc065d8dcc,0.045585394,0,0,0
74abd625bcaaffccddc3ca9faa1402b179c251e7,0.061510507,0,0,0
ea64efd6dc61cd9c9b1207d2da37fdbea14d6b50,0.34773257,0,0,0
530049b41c9f42e11144fbad4d1fec65ff0956e9,0.36605087,0,0,0
66c451d618577c1a1e1bf964ff990574782c3bb5,0.039388582,0,0,0
a10c6b01425a9c21cf687294bac43a63de0a0d3c,0.41199768,0,0,0
f9f92677a92ef76f92c90521904c20b8512b05ff,0.48586416,0,0,0
989135e762d3f00767240e7b42ee9e1cccbe43dd,0.52666444,1,1,0
12cd61925c37177a82d2adc76f6475e662030e12,0.3946292,0,1,0
17f4a06be88ed9c950e562aa72755c7a493b8ae9,0.3833154,0,1,0
c3768b0fba8f2f565118c611f4ced4bd6143d022,0.53512025,1,1,0
16d64a96a0a07468bb8b2d3293d374bd4373cd70,0.2796443,0,0,0
1f0919e28420fbd1568ea1c1fd4cf7b46eca9b04,0.30222252,0,0,0
4e347adfdb1a84535440d6c9f392d134a84969fd,0.23885204,0,0,0
9818f5ce6f76224f0d5d5c8ad583d854b8cc6872,0.3166753,0,0,0
dca231dd1b2629f45e65cf46b6f91803fb448aa2,0.29738942,0,0,0
9930786b2d05890fd071332dd1b9d7d7ad0e1b3d,0.23087132,0,0,0
b367c37c2e92ae652e49b361425bdc7ab3390f25,0.23232503,0,0,0
bbd32a63be1334620c1f52bcf4494de4b1e6931c,0.2301993,0,0,0
6868968abdfb03229bb0dd60e57a502db45394bc,0.2716837,0,0,0
3fcfac543d8e54b93695ea5f32b1820c5e5849dd,0.3606074,0,0,0
af50960c662e2d006dccd4156ca85ba3b2d3d5b9,0.33104724,0,0,0
99d1ccf360643d89b88bdd218fa917d365d95cde,0.29165506,0,0,0
3c32e5384eec3142bb017fde824dd1cc0db48876,0.044067156,0,0,0
b4621118821f29afd3d5ea47eb8a684f4e5ed3ee,0.2787368,0,0,0
eb3f760c1c38fe3910d979e75093da67f685e2f5,0.2265591,0,0,0
efb03bdc301d917b746e6716f2a074f54ded723b,0.25306016,0,0,0
3ff71911718c07ca1016ca855aece547061db85e,0.146084,0,0,0
01f84f2b0d9c13ac82ad471469b6a5692d0f8cbb,0.370634,0,0,0
a95c1598ef693cbd7d874c33eae82433693b75d4,0.19949803,0,0,0
6fb796db3d138b4e97dc1fceadf6bfdad74a3533,0.22113876,0,0,0
cae430631d5472394441cc82e142103c3a70dc83,0.31897032,0,0,0
47b76cc60f7b73188cbb47a0879aabfa0228be31,0.36718357,0,0,0
c64d12958fc711d667f26d0173bbaf96157d629a,0.30422294,0,0,0
643590426ee7255ee5e1e661b9e2ac8a9052dbed,0.34597942,0,0,0
31ad1256c66f47e58b7ef40955953e4a1c6bdbf0,0.2693965,0,0,0
3c984c22552eda0fb5b200efb3f239213a4a04ca,0.06774425,0,0,0
95db7d0aab9bea25d3a14db42a7787ef77861f45,0.31275225,0,0,0
1d6f5e40ff44f08fa67c6a2b57f7ae4a5e4b0be6,0.12931417,0,0,0
e0270b0562d42658a57c4fcbf0cddfb5673baf5c,0.27931958,0,0,0
6eebee491388abd2ad61a15d3f28b167c9f0f7dd,0.22501355,0,0,0
ae3f537711b1375c4892130d65cb60928549cf58,0.1277711,0,0,0
25ac3249dc2a40bd52ceccc9251c8446b036d197,0.1757566,0,0,0
6ce9662add46e3cf144be07f7ebf18e2d25a7abc,0.15842755,0,0,0
111c4a5e54dbb1bec6537eca02618e2287bd23be,0.1418109,0,0,0
e30788367dc7ce4e4e2d8152bc7370af8ac2fd0c,0.40863767,0,0,0
b1875ac1abf9ae86f5a589c5144c8c9902a1dfa2,0.47446632,0,0,0
307ed458578e68e68918d3ccdcf4798c57e084f2,0.49738672,0,0,0
0caff290df54a8a3b653840fe257fea94807d697,0.06325545,0,0,0
b44b3d95b321cef0281cdf130e8c286bfdcd60af,0.049240112,0,0,0
8f77bd63d8b5b2ab593b134fef2bf5e59bed0441,0.3460688,0,0,0
4e410e068b8d367c53766a7da712b1b6f3fd8101,0.058384113,0,0,0
2412c90ba5584fed123fa6a33e752e6c8eaf74e9,0.20274207,0,0,0
47ed0c7cdcb4d516e41769e38a9cd5ef4d01713d,0.08613457,0,0,0
f5ea49326cd5c09f0782b0d1bcbdcde9053ee316,0.3812174,0,0,0
7b0388878e522468f90ea163b15ccfba05616c95,0.03650123,0,0,0
a653374b2871d67f51cbb4ad2083444e9c3afe1c,0.3383994,0,0,0
430f96525f80fe4909208ee4d2aaff81c312aff5,0.329668,0,0,0
295d46aeedf3660d89d6c578b84c410089f9b1b9,0.35618195,0,0,0
7c05411f80b6748b6b2197d2014bb98c8b0857c0,0.37501618,0,0,0
140846cf81678649b6bc29497c3534aebaa1f6c3,0.37992635,0,0,0
0512bc21bf4d0f1e391e4158adf0ae145d408ee6,0.38320804,0,0,0
283e14cbbdfa5bd246a3ea9dee5739959f64b4c5,0.128003,0,0,0
354b72afb59ff145afffebbeac8a7478d4140e75,0.2704301,0,0,0
15c72674ebb4bd99790de97b5645f1531a3a7c00,0.32305095,0,0,0
1a3d74470eab60d668859571938b470723726139,0.12164474,0,0,0
330d5cf99c1eefe3fe86dae260a8873068650866,0.35271248,0,0,0
586b6ee15f526d585628a7162d10f08deea6a93e,0.043672793,0,0,0
71491e23d68df50555c52db62ae9bfc0a2543b6a,0.035429075,0,0,0
e56b2b598a2742ae8ac97ada82a97655b538ee94,0.035728894,0,0,0
3d129b7e2f6373f7885336225d3edc93b3f624d2,0.033481084,0,0,0
4d3dc80e4b3f7fd0e034d544345a568d6d5c5d26,0.030653825,0,0,0
269e6693ca1f05bb7e2623c538b9b934fa688f41,0.03499816,0,0,0
c2452a5af3b2f1db542175221dbc19eb492f02f3,0.061573368,0,0,0
9ac217fc697b3afd0963b897edbfac265ba2f571,0.34556508,0,0,0
a5f357667b195f9cbebc1d1de8f70c6e0c28dc3f,0.07353594,0,0,0
c3d13908a2e8ca7b9832fa693ca72bc228a4e92d,0.1624221,0,0,0
283351276ff704df65779624e195701a21f0e25c,0.49521795,0,0,0
38e3e41049464fa3b8ffc1e810f87c18d91a7bc4,0.054582097,0,0,0
49eaf68b54f4114a0176ee56790d8415fd64876a,0.06251668,0,0,0
42308f780fe3d0c2223c121493f97c747226bc17,0.22068587,0,0,0
ce5ead2f93b92c815f1304fd51dc3fd3338cf19b,0.52220833,1,0,0
e8ebc1e1dfe2b0bb7b9f549ff35bd2d1a1fcd2f4,0.29713082,0,0,0
a76f39d4b284633c6792d8c7977abf8fb52a017b,0.19951178,0,0,0
97a64af2d6adc157f6ec9e4d4855b2924caa69ac,0.3370902,0,0,0
5e2559e3ac936ed985d5fa9d7160a284b9a83644,0.31286663,0,0,0
dbd77cf4fb93996fb7f312bba2aaddb87e5d6a39,0.40931946,0,0,0
1e8be6ff174f1d7027e848d5788d63ef9827c659,0.4293379,0,0,0
0847a34f6d1f15d3d35ddd9f3283d54c1355b299,0.052550487,0,0,0
d1cc91686abf34d073ffc496506da9ef712984b5,0.091236904,0,0,0
0030e4bbbd3cd3cea505bb1e4f1edbfec5986fd1,0.42836472,0,0,0
3b6dec3c581f883cf9dff6f04512011cf277f586,0.40166894,0,0,0
c1ea2007d4f6527bd174869603f53841380b5c31,0.0883993,0,0,0
87361f16b0eb35ab5fe25fe2ce3cb57a96dcedbb,0.047819823,0,0,0
f10f849935076a7c773283789c75a4c35b9e6c03,0.14131951,0,0,0
034be5fcdabeed034bfb562ae7014e021caadd7f,0.35854536,0,0,0
8c52cbf8dcba19310a569a23ad3e940836b5e7ce,0.042491287,0,0,0
9d4e26a501903d404a809acc8ce93df1751a5429,0.48779228,0,0,0
7dbcbaa0d72723a1682dfe340fe05b2f0d3cd3a7,0.4309386,0,0,0
b3240c0b4dec02d8a511b831e07eb0d03094f677,0.10611351,0,0,0
d37a2097286c6385bf8cc757944bb3568672d873,0.12717888,0,0,0
39ed7bdf558cd8286e62492f6c91d2af73f807aa,0.31192172,0,0,0
100bab5d8bdcbf802af6437fcd778e7f2b9bffbb,0.043149184,0,0,0
21892745c86fa03b465cdfabb99554e9659b1941,0.060432497,0,0,0
511499162fc2ea958f3c78b1081225d335b52227,0.34033608,0,0,0
fe718980550f0221041cfdb56f83638c328cfb9d,0.15687142,0,0,0
8f577fbc1c44a4e5e39551cad677978452ea0797,0.46453196,0,0,0
76c125c3b74a390a39cdcd6666cf7e9cea0e5c1d,0.43451053,0,1,0
203918573c29676b179b673aa7e41366dc4215d9,0.43834582,0,1,0
c82fe35c48bd0082c16644d16d82d1be79d6b9d1,0.07691337,0,0,0
158d178c58e892ba87d782ecf436d30c038d464e,0.32640213,0,0,0
e8c09f05be1310ea2ded05bdd808c46a1e4485e2,0.299317,0,0,0
b184666c1975fa4050121c694e09a88060854eec,0.30320677,0,0,0
b83e111c619232be9ba0a7bba682ebc141b618b8,0.3060992,0,0,0
2a6c6ca711f0f0d6aeef30853d5eb05bc68c2e85,0.3302214,0,0,0
01911a40eaebf2aefbac34cb2760f7f77ccd07a6,0.34343976,0,0,0
ec733cbbf25c103c2c661625717527448a42663d,0.36332554,0,0,0
300578058c7d6db0671648cbc5bfca84fce6285d,0.29762238,0,0,0
63950ad11917411d82d9adbd0ad1ccc4884ebb4d,0.27490613,0,0,0
f9d6655b42d8e1b1071f78cd7f1e38cbaa20350e,0.22299793,0,0,0
858aa75ed257a24acb983df372f634c3fc6c49c7,0.30583575,0,0,0
76a941217f9272693b5484ef360e8cf6491ef3a4,0.3519286,0,0,0
7ff71807ce589931a56ae6f1306af43c6b8632e7,0.21810977,0,0,0
bb1135e50c27938eeeeb6e6c1ffb3882dceb9f1e,0.55341065,1,0,0
f0299220ba7dc33b1865068db0c184147283a9e4,0.107348725,0,0,0
4a6c36401518a45a709ade671d442e061138d3ec,0.15574278,0,0,0
ae5df796be80dfafb523072e4efb30e34dbee46e,0.21736948,0,0,0
7e19596505676c5b300bddc39792289441634f02,0.32505822,0,0,0
55e9d25f779a3ba726a9904641e656de93a1fac3,0.40770912,0,0,0
3b6468ac4f765262f68d3d289d25bea3da521c16,0.40741992,0,0,0
89b1661fde38bd12c4d83b9fbe696db0c8657a78,0.03184674,0,0,0
f054152346cbd7c8afcdcdaf55c39f9967edacf1,0.053749043,0,0,0
346009fc677b252d052e9ee22c6a4cd2be10a032,0.120390505,0,0,0
4c84e204cbce349f3c5722750561b91607d3fcae,0.47008604,0,0,0
c353239c4fd22b8991e1488ce81218b1c9769bf9,0.24869427,0,0,0
516f6889c9153a59110d3ee9bdd907e95e10cc08,0.24062152,0,0,0
7b6bf45d83c3ec028e686318b8d4f1a061723908,0.22302611,0,0,0
817666037d3c09b9138b161964b0fafc76d65998,0.4296666,0,0,0
c3b831fa7e4ad148d8e3abe2a0e3c089029044ed,0.39140522,0,0,0
5a5bbc662104afe8f020d89d6e560f2897678984,0.26116255,0,0,0
f8c39cfd773d797adc1b4ee19aa8fc17268946ec,0.43737832,0,0,0
8ab0ecd0af3932f40b931e1d84b2951f7777a305,0.46831343,0,0,0
599e57b27c19953487dfa3828432b8ecc7cb8b38,0.21644229,0,0,0
68ae60d779e3bf4a46064fc1b537057478a627e4,0.22711778,0,0,0
c600de52e107d1fd3d5a9c1aa1bdbbd6754622a7,0.32148743,0,0,0
8939061a3c0218dd3fd27f96f3e60e48f74622c6,0.42487448,0,0,0
cff360a340b48070d88a48f06e8748a916ce52e9,0.3092733,0,0,0
52cfbfd91e60db255c3285c90b94cb6e3a75fdb7,0.4101641,0,0,0
ae31e56476646b33b0c2a1f03bb095145a22097f,0.36703315,0,0,0
0b683acf0a5910fdc4235d3103eccbfdebbb18ff,0.4503711,0,0,0
861646b25a39dcdf79bcf5a7643bfeb28e137a8c,0.22282417,0,0,0
3ea4d5d580a78213504a4611fc7bbab58b93db0c,0.351589,0,0,0
b5955f5948a973a248731b774773bd225af39c82,0.3656142,0,0,0
09db9daa292e74b6bcff84edf406aec41ecf536c,0.30628628,0,0,0
410ab04290294dec74180043dc2aa635ca1e4e80,0.03657833,0,0,0
efe3699122699151984e8499da9d42673a42851a,0.4760997,0,0,0
d2f27093d7d95a07da901902f894d88b4ecc3e95,0.037983093,0,0,0
ca30fae3acb59a5caef3c3c21eecae7c928827e0,0.37053934,0,0,0
5ef5bd199a4e3df74479b4b363fa29b0b3092547,0.039899576,0,0,0
9e8eec78a71b7d1274043f55c9a5fc7811d53132,0.4626166,0,0,0
6a0a1876772e74a1d4a7c82669784f8bcca8397e,0.29871878,0,0,0
8c5c6b936ee6d1afb75cc2cbc151887937dbcca5,0.22972669,0,0,0
484698c5415bb578cb480845e2dfa930d3d49d9c,0.3254406,0,0,0
29a7e67999568a5c86b32ef513a90d5d090ad2b2,0.5015496,1,0,0
87f142f5c85c9a7e86d02b4599e3973e773f3d41,0.04623801,0,0,0
d664776d4cf41d7e1e46b92bd8a4e907cd3bd438,0.2705131,0,0,0
847a6d07793a198d28819731e5166f9ed3845164,0.55142313,1,0,0
fea1da48fef9e28026704e9cadaeba3e0ecbf6dd,0.08654875,0,0,0
c7a5a6afd5d2f7d8c3d518ca625b7d8a1445934a,0.3417116,0,0,0
0fdd249cadaecd32a39d25301f5242f9a92ed351,0.3056714,0,0,0
a9690db48eadd3643adc34cafd6ccc5d4a5bf589,0.18896647,0,0,0
e9a2edc877ebf928ad0c056273f64cdc861ba609,0.026614703,0,0,0
74989844d7692245f9e19b0e803d748c73e91e41,0.47307077,0,0,0
4d1c77bae99174b67a462bd5a44950ae08f46796,0.36330658,0,0,0
90211fccfc48dc36b7cd81a1ce18e1506a6f15a7,0.3051086,0,0,0
e246d2ac01f1ac741aa4673aed3d028e08a63c73,0.1420226,0,0,0
36fccb4325f924bf46babd4d8d60226f8dd3f154,0.32521746,0,0,0
5ce931b904d1f2961078b99049c293c11e779fec,0.2241386,0,0,0
cbbeae7719943308494825574a0002ea649b3de3,0.55509496,1,1,0
eec10fcf0c795bdfacef4c9933585f65f953fd58,0.49439666,0,1,0
516c38fd95fff30841f9af370f50cf1f7733c209,0.5477319,1,1,0
33c95771c804abc02223f24a0234343b93ffde56,0.35070524,0,1,0
b88dd3ed853738b8e7fe9652b953db569bf7f79d,0.46612448,0,1,0
a2ba6d54852aceda5e3bf9285730da743ef04e77,0.4457135,0,1,0
350f01c78374b4df99c1a84cc32122eeeb48b036,0.5287647,1,1,0
03239b0ea42312c7b5daf4520c1ce1caaf6189fd,0.3059508,0,1,0
a428e428df2766f1d1b2b793b3f812344fa61fdc,0.38879672,0,1,0
f1a582111a26c4044c289d96ced42fc1621212d1,0.39111465,0,1,0
5c9661c300bad40cbacdb391637dacc991f16da6,0.41344112,0,1,0
daa69a5981c7c12e0af5922f0a07653446261b07,0.5086461,1,1,0
1fbb16b037e62c6af90ab89ab3ac8d3633c59a90,0.47349513,0,1,0
03cb05cebcc65b923e03fa9f41d664885bdb38ed,0.24282177,0,0,0
f4b675664a7c633bdd62d5f85fcf3f95d11ade9b,0.25432882,0,0,0
4344ff7331a4f8908478e72c5c232c7a9d5dc403,0.24643303,0,0,0
5375fd9dc55f1dd01e155af8646d1ec67bd6be29,0.23400757,0,0,0
0bc43314c1216a88d0e281e7ed66244c47c57c56,0.3023036,0,0,0
30fce9d42c5675e9cae0db0401181f84a73a293b,0.044937465,0,0,0
abf07558021a0ecc50c265dcbdc5f2f99fdbeb35,0.4493092,0,0,0
3112bc302f32a74c827d672ca84a80091b0700d4,0.51306856,1,0,0
7e89c9cc80bc3fd2aab64f25dd816c6d14790988,0.24279304,0,0,0
2247ff9601374845012558ecf5963ebb7e1066c5,0.4895711,0,0,0
76390c0b54bf145f65532ffe1e7b24639f108247,0.27200532,0,0,0
9a92b8526cd13e092b5185a59c7ff0f68a1ad56e,0.44761196,0,0,0
6ae55beb2d28bd6cf36780b4c58da41854dc8248,0.40365818,0,0,0
d681042e60a3a1e92f4c891ce9dcffd672868e7f,0.2870145,0,0,0
a793612b9e09795feb253aab9a738bd1f7280700,0.40504247,0,0,0
22fe7f3c8b3fa204c2406c3d15811b2581e1b7b5,0.06605071,0,0,0
3856d3f0a0826be3ccc6b160e740d5c7176df743,0.2678258,0,0,0
4cc3f6e7dbee9e3684884780af82822485c4c7c2,0.40154663,0,0,0
4d00e14ec8d1e83533a8aeb788437568b417ca88,0.080087304,0,0,0
b6ae1d09c384b57115bb34ed94c90e256e4b66b9,0.14386171,0,0,0
11fcc89fec70aae7eeda710e2bd26d93cb3c05c6,0.30582952,0,0,0
496691bfd82374f1c1bfee8719309343c2fa878d,0.26606688,0,0,0
6f379134ae1807cd404ed6c9579707e5dc6a6df0,0.10648699,0,0,0
db586baee29fc90f79898e9a274cc1bd585b5f53,0.40323293,0,0,0
a67bdc013c9fd965abaca375b9b47554a115f40e,0.31701106,0,0,0
b745af3975a0bb3acddbc59ef85860d08221a010,0.039661974,0,0,0
90a73a4dee53129e33a552e49cb7835ecebb3a5f,0.24782386,0,0,0
31ac0e5f3594a4517ba2be1735b1219cf85c715a,0.076471224,0,0,0
5499fa02b08b8546827a1a055c5af3f0245257d9,0.30348298,0,0,0
1261172afdae9a4b15dc9f691583261a1b020ccc,0.38802323,0,0,0
64573bb2e0bd2c7a7b1282b8a574a4796ae61609,0.054299437,0,0,0
b09b95124bc27f39e27ecfed90ce40947bcbf663,0.040629413,0,0,0
5481dd326025de2da7d89089cb969759972e7a8c,0.4616289,0,0,0
992911d0fcd230497ee3fc50dcf49042b7372a47,0.05129802,0,0,0
d0595b7121f57f1f49fe7fdc384479dd73ad64f5,0.06494706,0,0,0
cd1d329dba95dae161317c123269c24282001a66,0.08305316,0,0,0
3e3a1388368e8e4421fed0b5222904d40a8805ce,0.41567695,0,0,0
9f5af267e8c143e16f8b20fddb02ada096ee9df8,0.07037149,0,0,0
f8a7156259dcc1b3321086939234d80b6ab828c6,0.47993302,0,0,0
661008f8238acb71301b172a6aa9aaa8114d0c9c,0.27982983,0,0,0
469cf4d886f9a184168ba2d179899a600725d4c4,0.39588737,0,0,0
12d9a805a6df7afdccfac94a7061d369cc986efa,0.072253354,0,0,0
e83b4d8484cdb3dcef44ce3aede866663b526158,0.41833752,0,0,0
ff0e842058091b3310340f51a130a65a1cf6f725,0.37524503,0,0,0
a123142d947dbf38fc053c29291b555872c91ff2,0.22639391,0,0,0
45b5e0cb3a4a499ff8b0594c082d490d7b7b7c1d,0.2834987,0,0,0
29ce3e0e9ecc31a5c3cecb19246ff978fc7e7c20,0.30910853,0,0,0
3bf9dad70ea4b93de850312cec2681f3242280c7,0.04491597,0,0,0
90d775ce2270c35a7c514f5638b8a3b23d5a4f3c,0.45117164,0,0,0
0194bb8ca57e5a4a3fd5fe3c39b0ccdeb4711043,0.3940886,0,0,0
f8e33e702ca0570076c58eaa7a83baeefece9553,0.4588611,0,0,0
6c203ab46b24751c285f021caad9d8969cf2f45f,0.22056857,0,0,0
5b56985334a63d63cdd9bbea30f225013302a7d3,0.42738026,0,0,0
bf0dd95b52e0627c10c072f8b05fbad3f86fda71,0.3739161,0,0,0
bfbe9966ab45dc4787fdbc55735241023d826d95,0.3646924,0,0,0
69f38e81872d70705fd7919df3d771f28c22dadc,0.046251204,0,0,0
c5c231e643365485c5805cbca81070a51429de9c,0.32174942,0,0,0
96531689d341eb26103356410280447e94529b5a,0.53953826,1,1,0
da7e55cc7aac7cb806699d234dbb90a455c21502,0.18510175,0,0,0
6913193d33ed83bcb98cbdb94ce410069ce2513e,0.10062896,0,0,0
7f65af524d6b7fa43743a3c5593c3c57fee3e9d6,0.31052756,0,0,0
4493ec15a72045bcea25a4c6c9b4858ad5448b7f,0.28073406,0,0,0
1f207424031bd81af858ffc98e64152b3ce2f22c,0.0453167,0,0,0
cf9cbbdae44b88a7cc982765bed085b434f4816e,0.34204525,0,0,0
00d9578b74a107e3811c407ecc3da2bcdb166f81,0.04797473,0,0,0
3410aed6696622cb6b7b8bec088f9a92ea55227f,0.075856425,0,0,0
8d34352d3ca40ccee76e1473d3e132f7bd8d4a62,0.22320424,0,0,0
a04afd1f20290d0097b1ed9ef2a4f476e0b79ac0,0.06467593,0,0,0
825419f9128cb7bd01ca31b0179bff96bf1a5ce5,0.06955574,0,0,0
6215969d2a1f8d95667c208af868758c8636c234,0.31447315,0,0,0
79f997c1d6976f5327cbe5e80676a65245d961ac,0.4050967,0,0,0
4ec3674e06fd98a10de28be7ba6c6036e64116fe,0.24360488,0,0,0
6eed45b023ff3c609ef423f28fc87b42d0614f79,0.22161542,0,0,0
002e4de0d68ffab9af339283f02659472a1febe7,0.044468194,0,0,0
ef8eb3d269274d2e6e4915875d027ada1efa0470,0.30047953,0,0,0
78b8d323635b47f68a93da04f04d221f3412d9e0,0.28148663,0,0,0
055cbd0d42dfec901c7b2532f7a71f937b1d4756,0.05107762,0,0,0
771841e493ddd9839a4c029db6b217fe19968148,0.294204,0,0,0
39f6f7fd6333da2b983f7d9001a7a51f31fa9434,0.31270754,0,0,0
6bb1b9a7bcf9d4d1aa0f4c12bb0cbb4cf4e2cc71,0.41261166,0,0,0
4824774675ec1a2c9e7b1469dd93a6bd09854210,0.2765353,0,0,0
717800fc588389b143b5c8ac20a0289a9217715d,0.23600301,0,0,0
0471658da03f5b01537153a72c0ffa7132709900,0.14650032,0,0,0
bc69f94466efb770e78d1bd89a8a1bd460fc437a,0.3101433,0,0,0
7a4fc498fbe96e83af20c5d0576c42a761fe3d95,0.28157085,0,0,0
3e438a80fc5ae21862125b13e9ada9b5c30d27cd,0.23127696,0,0,0
15b4031ba94a60f20b854e6ce2c7964d77086387,0.1976735,0,0,0
543970edafd3f8e08d945612d09663060718ae94,0.4738959,0,0,0
80e4a06124a712fde81bbee093ba2ddd71851c93,0.43201798,0,0,0
454a82cb2ad2853544e641c8c80f5ed34bbeb1c5,0.032631285,0,0,0
a2bde0190da2e32a5925df5aae1f2c37a4498bf0,0.10311874,0,0,0
f9dfa3fa6b9a28439f1226c202c41df9fe2e4380,0.2670074,0,0,0
c50da916c252ab282d978da3f114b81d91ec2912,0.31530073,0,0,0
e0bc1afd7878a91fbc30e79941af8a797637ef22,0.10931406,0,0,0
aa75d3aebeb30d1bb3ab0ecabd60201bfb3aaff4,0.2887977,0,0,0
76f12abd9d81587eda4c50e7816c75607b4b23ee,0.2529866,0,0,0
9900d951d41ceb438be79b2bf1822aa6cfd1f37b,0.35375237,0,0,0
f6dbdcf3acc3009f3ae17d607a2ac898e804395f,0.3682721,0,0,0
110084e432a04d061d71768c23f500f283081e31,0.31610307,0,0,0
656abed01d37434d69881ca1292dee710209bf51,0.33532923,0,0,0
d6d2307a9ca0ecf8c540b3bf7183de5d550ab099,0.334537,0,0,0
801f4f4b10c788212d555729d5eed92ee1a02036,0.32929146,0,0,0
5fa1935c52f3866f0675e9fd64bd04d153b9f225,0.3852786,0,0,0
d728087751d2e6f19504876d7a3f40ee7b1f4d28,0.2693084,0,0,0
e0fc7b4dc80a31bffc8c8f87a2fe4153e6cd0cfb,0.34584713,0,0,0
5b743d5e7270fa41de8b4fd6ced0d82a6e38c38a,0.48048264,0,0,0
dc565c4fc02421b58db9c0f0cb9bfe767d904216,0.3377721,0,0,0
ad56c3889328fed27f021bba3f071f676fc4ffe0,0.057371147,0,0,0
47e13b0fa2ca7fb11e52abd429d538c3c9ab07ed,0.3455278,0,0,0
97c6c963e2045def1f19c650f638b304f6464c19,0.35565275,0,0,0
0b7369cbb67e46586e9e031c693564ce7ca583c7,0.35984054,0,0,0
2fdea0d5f462d48a97aaca3b987a716ca2934f24,0.23691809,0,0,0
2645862ccff2183b731e7d6f1a66df6f2b04a99b,0.45047754,0,0,0
27df5e894a2133e122ca7e78c5de45d26f7210a3,0.2729488,0,0,0
619aa9bff4055f51df04f5f837605785a998e9b8,0.31711328,0,0,0
4c55341a48427f7bc0ce30f0699c673f7e69f63d,0.43031028,0,0,0
27ae87a59cb2f0d06ea21d4a886f3afb9a14247d,0.40083095,0,0,0
962128ce971b2edd3fc9e4a85b417fba01a0246e,0.41596308,0,0,0
287254724ea66841b932fb5f6d8cbe37b04eea81,0.32258007,0,0,0
2b0fdf8fe719f234635f652bce0a5b2abf03bc4b,0.0573552,0,0,0
75d8364771414b52179e7084cad838b6c0a0660a,0.51729876,1,0,0
1fdb3a719283209e417d57b2d77ce93540de4cda,0.43256548,0,0,0
174f3ef3f43b680468d7535d5fa8ce3fb3a4d113,0.24851698,0,0,0
8ff705130a6c360e7d2009cb9f1a4d0a307985f5,0.19394572,0,0,0
a61f3728d4e2c6454dd0069148397745b6b3a5bf,0.03357249,0,0,0
f568436033fac9fe4dc9b38342a029f20c79dc96,0.28329352,0,0,0
c0b874406621ebda3c44029ffdf0f6017d6d8c22,0.30255565,0,0,0
52ea3c337615e386507dbafa686d1f02c03a4c82,0.3060295,0,0,0
8688adaee68dce1c54c05b44946635973b37fa06,0.036713395,0,0,0
27f467b4eab7864a4ff799fb2289cddd2c45d30d,0.42352226,0,0,0
1ffdfd2ad15f4f62b9474a2ae72f2ad0a42c6a98,0.029974388,0,0,0
24c8eb250b9c7dace0efe91fd1f36c799b174606,0.30867916,0,0,0
060cfeb90df4fda2d572fa63225c63e304c8615d,0.3483734,0,0,0
3ec04d06cd96131c7d2a508e1526a07f33efb490,0.59129745,1,0,0
ec3d2af993826b57cf47446d809db2c8b49c7a77,0.39629164,0,0,0
f79ba553c602c9cd1a673c30db79edb6b38f0db6,0.5916987,1,0,0
3e6117dacd54430e555a42a5fb8177f4553fdab6,0.5723169,1,0,0
7ee877a4db8c6d6871444abab28e95e9dad7c932,0.551837,1,0,0
00c3c8dbf20322d372ebdc28c2b9fc25926a766d,0.3153528,0,0,0
07c01318ea4ef19ede234484ed102f94391cdcbe,0.035769824,0,0,0
f56aab06534e643ab1e413c36e367fa25e24621f,0.4482914,0,0,0
6d1c4002aad95031c84bf3bfa777852492d23fa1,0.47530368,0,0,0
7e3c917567dc3163c2228dd01e4ad90dd0b76320,0.4152494,0,0,0
167676d596bbbfe82a52f0dae6847cad025dc095,0.3609904,0,0,0
9c24b00d32acfba096d8b3fc12168bbe0ac4ef55,0.47981635,0,0,0
0e6578069293282865a3dd4843d4f80f52476e7a,0.32441255,0,0,0
81e60b1eb541557f5be44e7f663d5a816fa90227,0.032605864,0,0,0
e25b6fedefdb1967fee9f64e0d0242d6472ad828,0.3889669,0,0,0
7f8236cfa274504e0f59b95285e7fbf2efecda90,0.4364995,0,0,0
ddcfef13549be8395d2c9339632b3ebe80363d49,0.5621,1,0,0
4a5aeb1abe8ef10eeb5488e04e688e2daaf4eedf,0.36957207,0,0,0
13ce8fe63c8972c54ca717055c231bdc487d479a,0.3607603,0,0,0
8c12ad11eea80440bbe691cb50531c70f53cce95,0.037357572,0,0,0
692be5e1d4326c6e505c10e8dfc3adeb7958bd74,0.16027544,0,0,0
a733b7a87ce7abc0da33a3d56da82b72407683d8,0.32884598,0,1,0
13218943435188789ab706c2d97da8e2aba1770d,0.31965026,0,1,0
581baeaa99864979aad55bdd45f054c8a53c341d,0.34951633,0,1,0
80fced6db6c15d7833e2c06fac4098640ff4c742,0.5636088,1,1,0
0ff845a477db67a485e7a8c1cd8265e520bc8c05,0.5631252,1,1,0
66b24cabe95485abbe4398ff468a57e5ea0e3cf8,0.092398696,0,1,0
5ec70549ae7e7d2eb97d3d56e696dbf0cef7ca35,0.54521996,1,1,0
82c95c5f951ec316a717d72a46e9f1f7792dc818,0.2637367,0,1,0
0a4b1c3b316335a1ee22ea86c28c1cd58b1bb583,0.33533886,0,1,0
3b700639ef337839c69f45ebeea59dcd061d09ca,0.41670606,0,0,0
096155dd316ed242fa3bcf0ccffb207a124e1e4d,0.41911176,0,0,0
cf5e503db4274fd2c060571c982a0fba8b00c09c,0.28208622,0,0,0
60431261912586b5fe0cc5c8b4206e711cb0639a,0.36228645,0,0,0
ee8a2c9ded95d5c77e4e43a2307ac15322d96d3c,0.31766078,0,0,0
89fee834756bbe6d9e060376f95188d66789b1f7,0.12982768,0,0,0
4f804f78e5c0458ddc6dcd9350edc222a6e1a4af,0.2541338,0,0,0
2468492a1aef370c66a6636f976543212371405a,0.27774325,0,0,0
44b5e31cde3e53b3cbeb4ea5b61728d9284d0e31,0.25821418,0,0,0
a6c881f8c42433b49eb378881b9bdd63a1a52202,0.04218603,0,0,0
a780f35fe5d27eac0c0c8aa95eeb22d1587a1687,0.03338574,0,0,0
3ddfcd62e2a1367391595d2dbc182f2dee8d3651,0.3395508,0,0,0
8db6323266dabbddac15052cdafdb02cf5788908,0.33970314,0,0,0
02d88008e65c7b66c91b46ffa80a0692ab156da0,0.3078492,0,0,0
a8f8bb545769ebc2dd0adc2071203236870b3f18,0.36460915,0,0,0
adb5bacba3fb370e84c6a8317ac01b7efdb011da,0.19128972,0,0,0
6c0db77156cd67b5efb0e00dced7e2daf055ddec,0.34957948,0,0,0
4c2bca77a04633496d7670c00dcdafb787606243,0.47596106,0,0,0
873d9776d7f3e506b8e67721b47315aebe16de67,0.45833486,0,0,0
bcd3845dcc9f26c5bac4094fe6323f03ccf6d87f,0.45314428,0,0,0
d61ec0994e594f0c514c1739e0689f2595d8bfd5,0.37119317,0,0,0
c5e9745b8301bde2bab0e46bab2313423bda7910,0.51047254,1,0,0
8f5c5e892b907ba7d05c2cf5f4dc7adb2dd2702b,0.4372873,0,0,0
5b1e314826a40490ce38b532c4ad36fb01afd37e,0.4248199,0,0,0
6912f621d22ce66e8b94710f0decdcae3354ca76,0.3721068,0,0,0
d2d23c8aa02960549451c58ed3f0e84fd5ab3821,0.3383195,0,0,0
2e6a9131a07ee0e8844e8e79e84460b7f56ae646,0.07856704,0,0,0
875e98d3fb54def645b0339fb43ddc26a72e14cc,0.3590236,0,0,0
40b6fd273de1cccf752fb7e5d1a8470eb5257a9d,0.05876033,0,0,0
7517f7c33543c0232e002ff541db6e4e3a68f52c,0.28175905,0,0,0
93f189e8a8166004e8bce70bac3041a84e389883,0.055355754,0,0,0
38ac95d9bb36722fb9b3e596911aaa7b81caa9e3,0.060222562,0,0,0
b8d387e57c79b252a1ec739c3f466892f80ee49f,0.24784173,0,0,0
90323aa9f6c1cb89337b60e966e743bce82a6fa2,0.122367494,0,0,0
36156fcd0e07726a8883a0825799734ac0058559,0.27296183,0,0,0
0970e8f84e95d8662a826f8417141e3feffb18ae,0.37902737,0,0,0
7f1ab60f7c1a30eb09cb06f23d6f010e3a187274,0.052516107,0,0,0
1020c3985dea224ad0ef885ba6d8dabb48816c5f,0.3524942,0,0,0
332a7ffebdb4c69222c75ba1b0a5b462a0e8f467,0.2639678,0,0,0
e91c5e4045a37afe8ef5bac994f9e6f2cd10a9ba,0.26937056,0,0,0
7a401a73688b72f43e4c70ab1c074a3e710b3b53,0.3700977,0,0,0
cb5c4dd73597780fce451e1b643c9b25d4ce7b4c,0.39581388,0,0,0
b6c2d3fd1f70e51aa88f8d12aff006f6b390deb4,0.40366027,0,0,0
9138cc232a21a24e07dd89cbf43b684dced80c00,0.42844996,0,0,0
0916ce72d8cdc6b4dbd213117ecab6f7cf8d5bf1,0.20606853,0,0,0
b45826e3888ec7adbacb4887f4ae1da5520b9d90,0.23102619,0,0,0
965aa7f4fafe59c4f0d09f96f98bb83adc2187fc,0.29544628,0,0,0
bb8acac034b1fcdf91a6b1b066d33f3e38a4c117,0.34018338,0,0,0
ad76167a8ceade7e58ce0ed8658bdf22ea248904,0.41467252,0,0,0
d1c0b0c922855436f3ff54feb822349e97229d78,0.19955152,0,0,0
537607d90533283a42cd1c5bb8b75b62cac684fd,0.53745294,1,0,0
50ebba3d096b49c3d6856f9cda1664be55c222fa,0.30283603,0,0,0
7cec158bc9faa1d2aa267ddd6a02790ac1f2c3ec,0.47530714,0,0,0
2b6f5d7ed93f9975b11ba631eb2f974078c7155e,0.45430484,0,0,0
b829f1e92cf347184d6d184d3c17babda68abc79,0.33334982,0,0,0
f11bea50aa42035f426343e1d0e5058e75e0d928,0.048628908,0,0,0
70a9d5f1e7ea844758ce3ed9b4f5e46a7015431c,0.085896485,0,0,0
44b28a38c3bae21d0530c85b7ac8ed52fe3d8fa9,0.04880264,0,0,0
e9fb730f64a372e05022034429d5450537341a22,0.35171634,0,0,0
5250af878ef0ccd0612cda08e88d341b13dd9f56,0.4592656,0,0,0
33f3cfdbd24c4714f8d6a7841430127b33c89118,0.088723436,0,0,0
7b7341a69bd379484d8e073d979b3f9acb465902,0.42241713,0,0,0
2d14965b4eb591ce9e0d6f0557197bc20926171e,0.37182388,0,0,0
1a867ff80af1fdad617d9b5066966b65f481742e,0.28539515,0,0,0
aaa1a0f7156df819896da55e51e17f495717f33b,0.0583748,0,0,0
caa2a94074b6e45fd4ab631408d3d6dd39a1c1fc,0.26920098,0,0,0
b6ea863a2667310b470ae59413204ff6b2719ba9,0.113696456,0,0,0
72a8407bb1272e0b6efe62a284cfb8d9ccad1cf8,0.123061486,0,0,0
3a8a2dd2a4e02616c54804b58250a6b51f9ff746,0.4451129,0,0,0
91b3989b803ac85f06a39751ae282cc5b88d6415,0.052211974,0,0,0
267fc4ed3f2d9f63921f07cb5c12527eadacf73f,0.11269584,0,0,0
f49c113d05845093aca46c22031617a5f2c4997d,0.29356194,0,0,0
4eec965458c88e4cd08783da5a30d775011fbf82,0.25544417,0,0,0
e581de2f71fdfa4b51d024b56bb38f1c70e7a60f,0.039068297,0,0,0
ec767ef3ea627c18a6cb788551f8709d2ccb1cfb,0.17649664,0,0,0
486582e34e95eee6cd9a59c2dd8298f2f39fad09,0.46513894,0,0,0
0e55dab80c10fdee37d2a07f664322fb774bd3ff,0.30238292,0,0,0
2a0af129ef96830e46a75eb31464646a8bf3544c,0.48377493,0,0,0
732ff44a4bb3b41e30139901869fa1b72b7c216f,0.37596455,0,0,0
9f9ef9aa0b0063215cf0e6526768fd4bab879ec8,0.4305825,0,0,0
1ae31c786079e0b7eb6585feac71c80baf224a9b,0.32362926,0,0,0
be37c2e2b103aa83de4ccc9aa08c3aa4a1da6c24,0.31670865,0,0,0
90375f06cf8c0154fcfb792aef471964b3cee042,0.38076156,0,0,0
2bc7921b2f2b479a7a391a51054526b716f703d7,0.047720358,0,0,0
00c1cc0cc0b16daaf8b284ac0e7e9328caba5022,0.30961326,0,0,0
1d3cd1285a9f875a4b00c7fa609155288d977c3f,0.41626802,0,0,0
095cc25a6b7bf9b9f99d6afb41f44d41cb41b8e6,0.37330776,0,0,0
d68ceb121842d109b3da0f932bdc8f5b94253f40,0.20448297,0,0,0
d6ae360653de7813c0d15e315d733aaee372df3d,0.33447823,0,0,0
fc195c451f817641319a2668a534e01cca088144,0.33098188,0,0,0
75489a661dac6b1823be5804b78d31023e81e509,0.42876828,0,0,0
1ad2965a54a325d7d11d7daa07d38e0ec575e505,0.0333114,0,0,0
83b8f7860d22f0517373904e9fa7e41e9e23add2,0.07077663,0,0,0
883b6c3b3969eb7f293ee0fcddde528a161fcc89,0.05268812,0,0,0
688f9d20a0ff88c3349f73d8cd912959fc236e4e,0.43608782,0,0,0
cd31d7a1e4ced0ec0700275441563b235c236f95,0.08439288,0,0,0
9790fd24cb14e8861576404587eb2907dedd6bfa,0.3581607,0,0,0
80888f9c55abb7ecb18fc342cddc973ec4f46f70,0.27779996,0,0,0
a6d1cd29574818dc220a3751a9c160633f2998a6,0.3246976,0,0,0
2badad205dd69a9f82edbe150ca5437b0ac0d16b,0.34267852,0,0,0
5e621cb6739ab6718831e6650495096f718b8014,0.31750646,0,0,0
13fc1eca0a4e7e8215541159b93a956615b1c6e8,0.04594174,0,0,0
feecf333cacd2edfa06028db62e5d209f57f0dad,0.27989754,0,0,0
3ac59a1df27a7c34cfda89f6a84b8ceb6f430fd4,0.25516617,0,0,0
55cd95f277b1a6f5f50d0dbf064beeb092fc6019,0.36852968,0,0,0
98befb689ec8a5b034a25bb9936d63d44223acfe,0.398094,0,0,0
d80f242fcc1f9213c179b4651ffd9b9b7f634917,0.39709783,0,0,0
0cca1bb8bad342b3f6fe085ec6807187faf4016b,0.226559,0,0,0
2c08cd5f0c1203186e9cf67a4c9440b77d54117d,0.33480808,0,0,0
49acf7f8a5caad67560c82043cc1f755c0eee826,0.48031157,0,0,0
02852f48243245666c0ccf4d0b8dd455d2747fd3,0.37655744,0,0,0
c73f626405dc91058ce5cbf4f87acb23384188b1,0.5475882,1,0,0
c321cc96e9b3666035524af0c17767ed8e865bbe,0.41783878,0,0,0
806ab4a928235bd36fab40e23bf450e1db5a8e9a,0.030924557,0,0,0
871c1c1aec516d4d70854e4ee929866bab981a64,0.057248417,0,0,0
6b70a706e2d339ff3b689dfef7441c28d290f725,0.0652098,0,0,0
bb2aeef4bc11b17be9233572b7afcfc3da04b887,0.04998909,0,0,0
e9b70c1841c5b1c1d771bb278b34a17ce31eaffa,0.47170725,0,0,0
3fc9fc01b08334fdec57f18b6f845906246936fc,0.49899566,0,0,0
6d030727fbc3a61ed47a6916074bbeb4ffd30b21,0.3384003,0,0,0
26acd219f08cf99be718f2bc3127a41dc33df6a3,0.45074046,0,1,0
02dc8c7e77db316553699f0e371f3e7803d3efbd,0.47729334,0,1,0
f7c09b93c2386c6928a082e96d1ddd0925a19092,0.4263401,0,1,0
aad6359c39d59176c51e0d4e5ee31def1bc10077,0.4364212,0,1,0
50a7fdcaf8fb9a684a96568ceeb8643b4941c475,0.5901691,1,1,0
32eeb20ee9096257520cded0d1af33d4664f8619,0.25772905,0,1,0
27830ee8c22d74464fd3cae4e662bf0ba97e887b,0.5892131,1,1,0
59ffcad15d220c2bc1f70f01d58bc31dec04b423,0.4619406,0,1,0
41dfac731ef973b03f70d8f9c01afc67bc5f311d,0.45093778,0,1,0
199dd8dfd1cef867ad8712c7565f090f81be0e7f,0.3832739,0,1,0
61bfd7be89e97e204caea839e37c67c6f837a710,0.36599717,0,1,0
8d52f694da0484cb2783a8b35dad845322af0c07,0.47826514,0,1,0
750d338864a92521f4daec993af7ef0aba9d609b,0.25291723,0,1,0
513f20ad26f2e940e9224be387eafd5d9c58556f,0.2765129,0,0,0
bdd455596c53a97ce5edbf616a30f33d278ae41f,0.3396152,0,0,0
9b24a71e9930d7e929f9413c769ecd412fe830e9,0.2528267,0,0,0
def9299707ed1063d249559f0182f0fe559d33be,0.2761892,0,0,0
baba8cc875f5b197c08123b2d9add4cec3772300,0.3305636,0,0,0
55d3cf0ae5dc7b6f5f9f60bae65c1c5abf196b18,0.051913146,0,0,0
19b55afedf54bfc9e3b08c1636251339b2be4c42,0.21036804,0,0,0
a4fc3e9b714e9c91768c04f6268179ed582dd922,0.3388702,0,0,0
84ca5c79e31dd177169f4c074da5cb98fa1cdedd,0.14994496,0,0,0
9a9b83857fd20c38a520642553c9106de548854f,0.15662809,0,0,0
cbff61409d719d08c711baba4e89e03e2397df79,0.25819445,0,0,0
6b47a571b665934d81ea8b3d000a3b56ed1310e5,0.258518,0,0,0
00f2cbe0dfe83947126fbfcbb6fa186899b555aa,0.26568502,0,0,0
5a62c007b8b791c025cf2d4d60bb6da1aad86589,0.3195406,0,0,0
13f756d83675e7bbdf62d3375cddae8bf4bcc599,0.33599058,0,0,0
27c4c88da63eeedf546d6a4df5f8cddd43069537,0.29644698,0,0,0
5509eb7e31b74667950d30d166c77428061d6b4a,0.2701775,0,0,0
c0eb48f7e83987c5ed112b82f0d651aff5149ae4,0.3757775,0,0,0
071dbe7c211380bd4bed252c9b7a767279d112bc,0.45862034,0,0,0
82ccf0ccee1b0981198fa67c1899b38656c0efc0,0.033583485,0,0,0
6262740b678153a5f8a4dc2774f51f0691167e87,0.084367484,0,0,0
0c429b4b93406ed5e5877b613c96ff8d81410330,0.037116535,0,0,0
0663e3e8c502118313a6c577758912c326bc19d3,0.12795243,0,0,0
c8bdb9433a203f585ca750f326678423cca328f9,0.033125557,0,0,0
6feec370c38a8776be3f0cb17efa720750377b30,0.052635044,0,0,0
e8db278a29e0b363c8fe22d2cbcdd7db36b614b5,0.23268895,0,0,0
d4e1ad171208fc1a63de63b4a7e4c08e43edc41a,0.5768419,1,0,0
49f8c2a817f811bdc9fc3e7f550a8e0b13503e7f,0.3637324,0,0,0
67325cf97946f053da51dd358a9ffca0a9676c03,0.057884604,0,0,0
0bfb0f2b5ec98b5fd85dd5ab58c6a4dd3c0a821a,0.16214415,0,0,0
2bbdd4e503e69fc06c5d371c15eec14258eac6d8,0.1299599,0,0,0
6af248a09f5ca72a7cdbc6a0c0518026d8963149,0.04290196,0,0,0
c7be7b41fb1a8da249ebba27df1b2f0f4ffcdb17,0.2040171,0,0,0
1ef212e0629d8b19a3b974cbb428a1f000f1c540,0.41147292,0,0,0
56708e632e69a889eec8bf926bb3551ad53ded86,0.059243396,0,0,0
539869352a5f4183028a3e6b33b4e002c5053ba4,0.04226301,0,0,0
6e6cb12471757b4d2edf8ce110855fa6fa7c7329,0.31176922,0,0,0
a5f85b0a383d9983ddf0dcaeb744f7ea6b5c27b7,0.030098755,0,0,0
3c8b03103f9a120be50b9e81f738ec1b903336e9,0.3433816,0,0,0
ce81551eca5b514ad588c020f9e89ef0b9da90a0,0.28987664,0,0,0
a053fefc0e9349ad5e97ff2353e3a8cf6873bfa7,0.041157257,0,0,0
8700816250e849d9f8d0fc402b090aec6ba7ab60,0.45952085,0,0,0
e896a18f4c92b81837982ae7d678a8618d09293f,0.04393895,0,0,0
dea25cad0dc2fe6163dfe78dd0d54a385e2ac676,0.03913733,0,0,0
6c870782ecd20e5d460f8454fff316834710d4f2,0.18452553,0,0,0
2df53eb9e85e7151b0115e3d293398f4b8b6a2b8,0.32226053,0,0,0
2541eb43d2716599ab687bce2a61751a3ebdbe9d,0.033230513,0,0,0
e191b9ca9486f2b4273ed5effba490c27a096ddc,0.3534101,0,0,0
35ea189f533c703906d9f770dff684c4557b18a7,0.25016084,0,0,0
afe78a030b57e3f74825e134d6615ef4878778cc,0.109391734,0,0,0
76e45d6a50da6228c44b04a565dca96432c4b197,0.09293147,0,0,0
5d072ef89fbc2532f621a5a0b4d6791cb926a997,0.052352898,0,0,0
b9c2c119c18dea618854e43639284a6eb799c925,0.30978593,0,0,0
e76397c0c7f7889f82a0a59203ad16a673f1e704,0.45377272,0,0,0
b34408aa82918b6fa8cd4033921d0331d8ef2b5a,0.14188965,0,0,0
57f493adef716d49ed1fd2f4e857febfe0a48aa8,0.04696477,0,0,0
84dcf5f3e54ee40b806108a713fd4c334900834a,0.4826549,0,0,0
344403579a552b26c0a1ab79915b7c91aac4a13c,0.05638675,0,0,0
a9159aba0efda305e6985f904072bfe82ee2a1d1,0.27812004,0,0,0
ee4ce5f4ece734cb6d3d9f0e215e42b565290fdb,0.0334804,0,0,0
c65777acf65ee83967ca394adb6619330be9790f,0.033045173,0,0,0
699d6f0eca65837501d7ab7a92ae2c614f8e6cbf,0.052284714,0,0,0
109a55735e2b93889e6fcc5d8b867451f291e9ef,0.45164162,0,0,0
9adf0d7f6ebd27aee0124c73037085abdb048748,0.100185305,0,0,0
fdfbd85433facd2259fa8bbb45bfe2e99bf9f432,0.04996243,0,0,0
c3a83486048dba356a8f6638c5cbd1eb12a93bd3,0.30251503,0,0,0
e23402c1dc133842c1acef0a2d7cd1f386647de7,0.10393318,0,0,0
718b2bfcb7b5d94b6def4d7e89f6ebc49ff11563,0.17257261,0,0,0
22a39cbc721d5c0391dea1ed10e5350f917c79db,0.22666498,0,0,0
b38438075dd34fcc19c8df877446e4014ed8579c,0.23695567,0,0,0
87c5e5377589c4fbbd499010a27b1e345ec38224,0.06509981,0,0,0
fe265088974f937c8a9626052dd5d29b1a207dbd,0.27517977,0,0,0
7b1b3624d78e659e0bf80b061756d8c6e08640c6,0.24487087,0,0,0
b2da444800d4c5d472da58a6b776891621d11718,0.34429273,0,0,0
76c4ec233c1a61b1f46df6d6847b889c0a7a978a,0.4175988,0,0,0
1d031d6eb6e6861f38e228bd587ff74e7f6fcce8,0.39254096,0,0,0
426cd8c52ef1732ad3a57171429bf7704d80bcc0,0.19063942,0,0,0
24df623ed69f86a13a2ec453f480a4e3f93b04ff,0.38441342,0,0,0
14a08584c7cf63dfadddaeec102820f9de901c60,0.2961733,0,0,0
d9406824aeba0e977c0692971a6dbb2e62823886,0.38471326,0,0,0
6c3a1bb78c3e92fded50c1c1e9f4c3e2e6e9dd4c,0.29597265,0,0,0
6aa7ba1d927cc57769d4ed589326053849b235ea,0.2617834,0,0,0
3206b41cc6b60ef2854273ab0eee5e406f9f6efa,0.22260766,0,0,0
c1d92d87157b7d5a27aa989eff14e302e15f96d7,0.4217171,0,0,0
842bf6f447aac7d05c75c6143a5affe9e383b3b3,0.4310809,0,0,0
eaeffded81ec88f4d0e7494bd544821412435ce8,0.031076137,0,0,0
59bc597a256f0146b5bb05d951ae2d84963cf3df,0.34474832,0,0,0
81210eb267181b766acaf201a424a80d96bb5bed,0.24915315,0,0,0
209976ee53c9b584c013a9b0b21ec98ef733c6f1,0.2949335,0,0,0
5e3359388b0732fd1b3d055036187525eea76521,0.44260195,0,0,0
ab2aa8d6fdcdf5b3d326e7e86ac9d045f4859e98,0.34701854,0,0,0
d6beaa363bca8324c7a699ce797a89698d49ba54,0.43547338,0,0,0
65e1c9c38becbee2f84d822cd65fd7dbce42b903,0.30743915,0,0,0
822bd135f3a54b8fbeb23c313535b13c18198c3a,0.50537133,1,0,0
a7bd568249f9ec20b69b2a700da6a0648e93a842,0.12502152,0,0,0
c5f2e40e7a8234fe48e08d451d3152ba58a03ac6,0.056919497,0,0,0
933796e9330ed5043ad8e76d9fa2cb8b1d3a8e3a,0.34367135,0,0,0
31c0d3a8e94b1016843596acea17a63bed9d4558,0.06484065,0,0,0
e95134229b9066aa2f1d312a53f5a670d271dbfa,0.25034457,0,0,0
45fbfb82fd1f5168a7183e78ece89da7a60e21fe,0.30335873,0,0,0
d675cd1362d502de0a94e0ff4d10e9c4ada579e4,0.34944952,0,0,0
f5c46b9fc80754c601205e6ef13c5b7e9a5003e2,0.038390674,0,0,0
722a5af4f1786599f22e91a34af459883c7a6a8b,0.36118564,0,0,0
5411db017b093f0995a9b7807a6a4dabb0f1e0ea,0.040365074,0,0,0
31e141019010d27dfb3c1a1fb712433268b520f0,0.04158192,0,0,0
419ad3e4aaeb2471c86eec1b6799675a70bc12cb,0.11646145,0,0,0
d357d9d563c4a34fa2ab3cdc68221c851a9de4f5,0.29810438,0,0,0
bfd83b00eb5743ad4ad0d24957f84b61ef9f5f79,0.075582325,0,0,0
3378280035f388157e007a06f7fcb74698b91e3e,0.1421048,0,0,0
41a3e9c52d52f60d121ae99d281881a55e006bca,0.37495154,0,0,0
a64b4cc5329f2275a5513b12622863e99a803a24,0.10571695,0,0,0
c295a589777a35730c90b26f28f7cc938d4053e3,0.21664745,0,0,0
c29e08e98a4d1f12842375cb8fb259b8e5054b0f,0.043232832,0,0,0
d4f28d7ff397386b208823c577180938e15769d3,0.35063478,0,0,0
936b820a4e9b9f96661c961bab87e4ec05ca0574,0.40105084,0,0,0
92a07f9aa109f0f55af963f86e466c80718f9466,0.03308678,0,0,0
8d5c46f420fe3f7365579aabc8b40912a3610957,0.20106903,0,0,0
5899f1eb7239ea26291b9e38490f5922b86158d8,0.41454908,0,0,0
46a2c6bebe30989d51d59e14def38a82e8edfd78,0.3126559,0,0,0
4d5e45cdb44f61202ce439caa3d417813375f9b7,0.045939285,0,0,0
51eb5df8b27103169878575cb421e3181dcfd525,0.1444784,0,0,0
9198e9498fbbb81851048d0eb71251046f16987f,0.027616004,0,0,0
56c60017199b255f38843e33beef95e8d767a10a,0.026246587,0,0,0
73202a1e336eccbf9928bcfb5a780a0b97a49680,0.03440364,0,0,0
bc8773df85d2db0d2d5bd99aa69d7e7c795e7aed,0.032897342,0,0,0
25f3713d9280abd57a49a9979a23d4ebce27732f,0.031900343,0,0,0
d654978ff5a8980c0efe10632f55218f4de4e6b3,0.04686754,0,0,0
2a31bc5fc0282cbeffe8e41c1c8c576314b4eec1,0.030990168,0,0,0
e460f4f93817bea10b2fba8aaddeb892421d2668,0.08256682,0,0,0
36940b6418283806ed10292776c9c4269923e1ca,0.3685567,0,0,0
72499caf6f7905122c97987953a313bf1c95901a,0.19982353,0,0,0
bfe3c22bc3e866fc499433faf57a9239d4f6e1f2,0.23154417,0,0,0
928da12b15c987e16b2481c43614c8e868be1c04,0.26184398,0,0,0
5e223a403e65992d2d18b1b8cab5da2c6c1aa37d,0.18127878,0,0,0
7379cbb2fe7b69aa871127e64a51763c445a570e,0.044191413,0,0,0
0cbb22ddd4cd4bd356dad0e8dca8dfe1080aae0f,0.033046287,0,0,0
d8e8908db227ec91608b386a65b5f8559d92d8c9,0.27742648,0,0,0
06033035f09c662020ffe0300983697c78d3039a,0.094289646,0,0,0
dcf6e82f8610b89075e00711e186792053928c7e,0.06530718,0,0,0
84a0d90783b095775b5d14b2a807497862d80db5,0.074888885,0,0,0
10c8db1b1ae0fd9be8b661dbf24643c0a9012d68,0.0670563,0,0,0
4f50c37506de036bb34094095aaa6d4d831bfbb7,0.08679004,0,0,0
30280a9ba706b330cbf6b18e6f2f6660743c0f16,0.445858,0,0,0
9cd31226588fa303886b9daac162d5aa753e8e15,0.31037378,0,0,0
2736b6fe0b3fa22ec8e2b4184897ecadb021fc78,0.083780214,0,0,0
d3fc1a2877c165a57949414f5737ef00ffcd867d,0.35135597,0,0,0
459cebc515b11fef06464b711b3b33cbc1dd8c26,0.14028524,0,0,0
947c01f6d8000122a174da3d668208eec877a799,0.06896977,0,0,0
72d00532aa8f0fb96371f01688ace8b9d53b17b8,0.06893172,0,0,0
27fb1044f1f244a9f8841f059392bd7e595797a3,0.4674715,0,0,0
467386105ad855e793a09632142c00cd01c5dd10,0.43794835,0,0,0
9e405ca54138b63a4daff58d14d0527fef1e8e66,0.32769826,0,0,0
0f98e790a43b17ae1bb60d264931fb4f13300762,0.4994125,0,0,0
8f957f527b9048f51aad91b544bed35c48bcf3a9,0.36883298,0,0,0
f03149e07dee90b23369d1cdb7f15c142df5e31d,0.29014805,0,0,0
48f7e179e4c5f4e59afdf0bfb4ec5228692e00ec,0.16989064,0,0,0
91a94d9f47b2bc928eaaf83d7c9dd06c235a2824,0.2632411,0,0,0
b498cda5bc8d834ab311a6a3415e990100d8a81a,0.29023752,0,0,0
276b2825778c0f6286ead1dac0dfe5fca307e77a,0.3350948,0,0,0
e4e03ef4c091f5a35da0d97a6a35224197b8be02,0.5514635,1,0,0
d24dd1a3abc4624be55c0772ae4432686ee18792,0.40363082,0,0,0
71fc2c4c817a8c9bb41650d5b27a89e207a68c39,0.397809,0,0,0
f0751b65cf680456557aa1bf5c56b12f5c1a0fe0,0.49297693,0,0,0
d08dbbfdbc41cfafa122abf06d39ed543b473464,0.36128777,0,0,0
a4705cc3c310ffb422336b319891f63eef021f1c,0.062013764,0,0,0
e996235aeb7908c74e85fdcdf1369a5e46672169,0.03270166,0,0,0
0aeeb46737c5e4a5d8c21c26e6793956b0296cda,0.26867038,0,0,0
fe38f8892a2e99cfb6b941c48a57e1415d7ab223,0.41252124,0,0,0
9e801d916c3d163a4cfcc822e50dd75ac7cefcc5,0.035878297,0,0,0
ef0fb794d49e9184913581f561c87ba8c62d5e4e,0.2878727,0,0,0
0298305934801cf65136ce20c59dd133d8ee4d17,0.0409728,0,0,0
9ba69d7b9af1ab71e0ca2d0044f464261ae6a199,0.29798165,0,0,0
c6b8a383de96cd0a8e94037a04510f162e4bbc68,0.04458053,0,0,0
7b813b674adc6c94a6c9a19524913c07b7d8bc9c,0.38103107,0,0,0
559de2c461e94ab636c959149c775bb27111fb48,0.5994836,1,0,0
16c983693a235bdc45c6286a1e7b01d8ef58907e,0.39600733,0,0,0
3ad22fe3d689781a76a92908d0bbc119b2c68892,0.31545925,0,0,0
8691eb95522d9421a8b2883bf65e535d581f1a06,0.5314823,1,1,0
eae26f2ed787c88c07ccb83f0e5550689ad47bca,0.0811913,0,0,0
4b6d66fbc021744136d02733ecd375cf1fde2bcf,0.33251008,0,0,0
1cb454d0221a6ea535f1c0ec5c5abcaa3212cf1d,0.28734073,0,0,0
8d4b217045ac12013e9c1986dab89451fceb478e,0.3304093,0,0,0
5c7c7a419f7dbbe738dc40e4e00dff3637b38b13,0.5350457,1,0,0
de4356072f1dcbd81f721c17be39625d1f8cdbe5,0.39892387,0,0,0
cbc4aff11a1a1cc5c18efa68877379b9b2bca30d,0.58890367,1,0,0
81b311fd0d2a084a0c29740714076218fb6c2302,0.6042969,1,0,0
f8b79d0c21165faf4dbd620cbc6eae9dcd3ebf42,0.50695723,1,0,0
70f580a56ae8edea6178be6b2188472f87623542,0.514175,1,0,0
a8b7f6e98ae201787b6a77c00531f83026c6eb4b,0.34986606,0,0,0
f7c21753a9f0e43a08543d43af7e8564b6f33a2c,0.5826162,1,0,0
64b682cb6a0ab5976596065291fd07eb662c5a73,0.43294638,0,0,0
316af191841ab980570d0c3c4f5f91bcef1d45de,0.5108308,1,0,0
1b43f08e9e06f604432e20d5d8feba05afdebd1f,0.3521994,0,0,0
60de0da4acbaf41818ecee2e0930c8e9e9257395,0.601396,1,0,0
21b8fd06473bc5e6c35b80e4d1633da283236487,0.45652488,0,0,0
19bed73bb2fd71a1be7a7f26b132c47d5c81fa72,0.37269723,0,0,0
77dc36f5644910cbffbedb9dbc7e0b118b14fa66,0.37015477,0,0,0
e2f293ce22aaeff7c467aecbf6a3299e71d37a07,0.37717733,0,0,0
d916c50745b109551d81471f408250a2ec18ec84,0.488781,0,0,0
dcf5c40f880c86d800a4563dd203e5fb89f3cd8e,0.49728823,0,0,0
07ad5e56818b6937986a1327fdf13102f9baad61,0.31757134,0,0,0
6ba9e778ef1f99a80f8463fbf68b39e02add6797,0.29724443,0,0,0
757057addf72d587387055dd964ecb2a562a2cc3,0.41331914,0,0,0
cafd9c77865ecb86ed9fd71637f2bcc87ce7e2d9,0.54405224,1,0,0
0c0fabddf6dcbf8411689df9c5cc29115da18be1,0.3272729,0,0,0
a2c0152ba2c45680f399a7e4d74f898ae3184f39,0.37995604,0,0,0
106c77756d7e2efff5355d0587d17cc261ae2850,0.41417995,0,0,0
592c9464379f97d67a76747faaab1af2316febae,0.20204069,0,0,0
9b71bf1406e0eb9892915542232211ef47602227,0.33586642,0,0,0
711846e5d03d6743205f8c747ab78c2ea43714f2,0.40234298,0,0,0
d759684b89fdf0d3cbaa033f8596f0a78a466b52,0.5266094,1,0,0
c204f7940bc73acd6893bff489fa970edbaeb5aa,0.16348816,0,0,0
96099eec30e81f16efd94f385b45707bed515ed2,0.54456073,1,0,0
0d52823fd924b806857d4a5bec6fa9f5b6ed30d3,0.5441648,1,0,0
5db13dbb9e7e6b28b443017397c8db3f82bacc95,0.34081617,0,0,0
80a819dbb4cd398a8eca38008656ad45550d553d,0.47472978,0,0,0
be38c1853ffb59825df763d61239992b9aff9127,0.05657327,0,0,0
06104090a6edc145cbdc2858ca224c12cbf66aec,0.1338202,0,0,0
509cb24e2c759eb17556fd3d2a158e3fdf60ab69,0.057055462,0,0,0
6eb761413871082d2ea128d8e132dd5ac06bbf4f,0.074968584,0,0,0
046f547b562ba2df5bc03f9a5c0125840a39cb2f,0.5109087,1,0,0
b24e7f33aa4c19352a5aca076dc3880b3924ed61,0.413526,0,0,0
4f0841e04d88db62129618493ff85b87efec7712,0.3632638,0,0,0
437ab1b6235071e572cb3fd39aea1abb6a9a78cf,0.38181606,0,0,0
251bf6b18f83b8391ef3dfe83157ef5c51148fea,0.16045764,0,0,0
031f8ff3212c426ca7510dc6fd160dff22165be3,0.29278493,0,0,0
29402ee9790273d3957f70bfe9b281d3630d2f38,0.13072458,0,0,0
5faba67982689543f69fd316c38f16b7ce39225b,0.55646956,1,0,0
6f6f0f698dd81a0220cc74d6c10f545f23374bf4,0.0676753,0,0,0
de1d783fb598786fb054f05c027f54c79d054eb6,0.07432804,0,0,0
8847e59f64c43651db01a5c066c844940ddbc475,0.043317072,0,0,0
ad21dbcc8d97dbf7b553a3e1cf6c908854ff1ab0,0.42869264,0,0,0
321fd426406b6e60b6ea1bf9bf60857d6484f0f4,0.13747033,0,0,0
35e75829ef4a2cb124718e9a01301621d82ede8b,0.07361775,0,0,0
08233bfb9c8f554fa7b236d3dc7bd622d0ce154e,0.36177334,0,0,0
5155f49df062171fec0a73480485926c1b428e2c,0.50767165,1,0,0
8233b90eb074a0d04c503bc0e23376d4cddf02a4,0.33995533,0,0,0
f8b4e224b0c719e4d9aca6b26c03214963cd6af8,0.39493287,0,0,0
b5dd05b28613314e66cbd20906daf40424433331,0.41584972,0,0,0
b39a4adf6f31875e375435ca720a8d2e06ebcc53,0.36346212,0,0,0
81ec66a027bd860d6da043c3ec4c15500cd77b92,0.5084938,1,0,0
686d4aa79adb4d2b1e62a97e73ac150fb9f8b291,0.29010656,0,0,0
a55b13b7a0aa77d3e194563126f22db057873142,0.47348994,0,0,0
a721a26fad811ba618ff4fbf6371a43f851fb21e,0.27570754,0,0,0
9fb7a6368684ce4f07db72c4310fc380388f120a,0.36400074,0,0,0
a59d8f1b4504e30b36c7a22ef2e087cbd98a7553,0.2760841,0,0,0
c2656e9926477da08cd26d60e55691ba26ee6b9f,0.20677707,0,0,0
8dd45d4129046ac0b4f819e916beba6a699bad23,0.43923274,0,1,0
043a39baa8befc916faa0d4cca714b9fef2c19b3,0.48069265,0,1,0
edad71ad47d5f78d7cc93f2f281bfb3b60c56200,0.12932684,0,0,0
b696e321d599319a4bc94e055af27298c979874f,0.066135734,0,0,0
eb0d74bc8ad21b9ab7f588a9fcf129001ca3d09f,0.05543159,0,0,0
b01e9e0720f663f3e4fd0dd0a03e013957998f84,0.26577517,0,0,0
b03c73b9607fe2c49678d26ba19d9bf1b342e7d5,0.052769825,0,0,0
e4a3737c6c07420ee7c27a968c443b04d71c3eaf,0.14723802,0,0,0
b702664be09458c06c7270520c4500b5764fc036,0.46974623,0,0,0
388dfbd3f2f7ef66e0b8c62797c99305aa964247,0.1161586,0,0,0
e4a6a3ca3a5dcbcbbd65edde61bed03977a75af3,0.17423634,0,0,0
88acd6de3508aa297affb97625acce98877fa98a,0.39832637,0,1,0
eff38bf063fbd052cfe47bca56e4b2d8073b6ce6,0.4538562,0,1,0
aa4861217bd3f6876331309a92dd5eaff303b1d4,0.34904665,0,1,0
9e360ca017b1f639957c799a8b7b64047c286d93,0.61380416,1,1,0
00513a091d6cebf1ed4c5e2b6619dc36a4b5bbc6,0.46369633,0,1,0
58d258c7768cfc3ab47e455549f8e10b8a3bdc0d,0.42371467,0,1,0
6322cd019c486b6b98cd3f94ad9097245be3447d,0.3027906,0,1,0
5c81e7355dfead2da26406b1c787e8a449bb6beb,0.45602277,0,1,0
caa82d3e1b0019b373c55c23168bb8c007fd6100,0.46665314,0,1,0
9e2996fef15bac17b20c641900f4e641c40c6aa0,0.47278047,0,1,0
9e1aa0406b26f67fd021465903a2627b960e8c8b,0.46675786,0,1,0
bd2d4a000c4d5b4377e9a28bb225d3f61d45de31,0.554629,1,1,0
16e434606776d7961f8b67b7d1062e15f23facf0,0.38374013,0,1,0
d6dff710eee0d56a1df3a761112002e4a1ed5758,0.27719635,0,0,0
83f194c1842b431030b6296fe59ba4eb20ef72c4,0.2672668,0,0,0
2b0270addb3d1f3bade8bdf1cbeb7a5c263de9c1,0.48002777,0,0,0
dd9ed3fa5cd6dec0ab5573e464b2cc5258066695,0.415573,0,0,0
746133b210300aa581efe5b6a9bcd8969f2447d6,0.47374263,0,0,0
5629107ed8ba0fc170a9cec00980d17dda25354f,0.055136602,0,0,0
93b8e303efe494eb2e62a8d504ca92b7b60bc874,0.10263568,0,0,0
32ab76c1cf4ff1f762364fe10f08a54e43f0cb42,0.046530344,0,0,0
2b9dd184be2aa29b7876b15436e9967a1683d8e1,0.038610205,0,0,0
0b2102cfc42afb2629973a3c0f2b9d614f33be7e,0.4036254,0,0,0
79ab66952eb3f27e99e71a902b482ea3d9553321,0.24608727,0,0,0
50f831cdcfa0c30a5c4403d77c363dc56de11e0f,0.048709705,0,0,0
ebfa9238effab582f48400c371a4b8c07e8d3bf3,0.34174538,0,0,0
6e2d05638b243da413658003647f1a33adb49933,0.059423182,0,0,0
8862e06dc4d4f47e3d7e9e06e8f0581fc4767c61,0.44391704,0,0,0
4779067fb3cea6527ea4fb9aef97b8497c516912,0.038900428,0,0,0
d8f85358851e6f59a50112958c91da7ba5c31c30,0.492648,0,0,0
cd639652a35026e9e890b3a74dcdd138c3e1f395,0.11064117,0,0,0
dc59b87231431d9b95a2cdce857c7d6d09f34684,0.4479708,0,0,0
df416d3a5a0f688830c1787666b1017981b27233,0.43605164,0,0,0
72f1d8a48a261bb0a15bd879a51559ca059a24dc,0.37707677,0,0,0
75f54c482430c99e107aeb3ef8b6742007fd0544,0.36950427,0,0,0
f070d7c0174e3588c5f1f1347a7baa839c97262c,0.3426016,0,0,0
6ef334bf37cc066387da7cc06d6c1837e3427808,0.33917302,0,0,0
31b4fa6189e23d1bfbeadc4357bc680bb0dbfff7,0.35111213,0,0,0
46d1a118370309516351336a252c09329d51928c,0.43392453,0,0,0
3b0c26329e0d6ecce1d72536268e42db57fe1302,0.5067357,1,0,0
fa2875b53071a837c52a6e6a72bc229176210227,0.11140936,0,0,0
6bc8cb6861de786a8b7b95c4225a6c97ac13a76d,0.36524868,0,0,0
7440d7886c633fd99a994c34f261c2890b3897c0,0.46472192,0,0,0
1f564c2cb6346539416cc094d9bfb9dd50393de6,0.4469858,0,0,0
c4d6e6678a1380ada4e8774e5c66a4592ecdc5fa,0.48787734,0,0,0
2847adbb14c0d6bbbf2d905efd3d507a58424555,0.050031304,0,0,0
f6a5f157cd72d25a2d3da7a384dcf4786f511d42,0.39930555,0,0,0
9aea59329362a8100237a0076e1f071237eb76bd,0.407156,0,0,0
607627168519405b3727ae869e5f491f65a33163,0.2984821,0,0,0
3a7cac6ea395f6ad28240b4eccb4d3379e622998,0.36400473,0,0,0
5894c4a557f8e760b78e49fd54c0c4a804c0b5ed,0.10343193,0,0,0
0729366497d231d045502806847116324e0b5434,0.15588523,0,0,0
627ca74cf81eb95bfd01d7f036fedd85539ead25,0.12873323,0,0,0
0535fc054080c5d9b8667da41b2dbb3dc88fdd77,0.04867452,0,0,0
563c0c459497a5f07a970068d4e84c835b20a4e0,0.11372183,0,0,0
d6cf5ed96ae5c3d6264057c129353858ea7aadb4,0.19550653,0,0,0
0ac6c73dbdb75e156a3e5c06ea443f371749e144,0.05245206,0,0,0
9cb1dfc36fa3c76c11930a4f6cb7ebc175a77c53,0.3287953,0,0,0
e81d716573a9c986081254aae1526883c37ef498,0.356493,0,0,0
5e1d3501917aa22b0d40e48235d0a97bb74f1681,0.31341693,0,0,0
f09035290b1cdcf54f40c331e8c84d925eb454b7,0.46525612,0,0,0
ef9974af8ecfc809b18fcf3e238221a61e65b6fc,0.5284682,1,0,0
87e18b1cdd76581940c6c5e1d1eaef6e64eb02fc,0.36686498,0,0,0
b3028cfc9922fb266b2d0da59989b7782532f24d,0.10775794,0,0,0
751461e58213b0e8296dea6dbe04ac650c9ab728,0.33350006,0,0,0
422c4f5d6822a77679a2c70166d72adb7d426c98,0.31545722,0,0,0
f69ebbb0e8323cb635ded0d56bd5ff4b60f631c6,0.05666303,0,0,0
15aca89b0c1308137f66f4e1fa479a4673287335,0.46735287,0,0,0
7af83ae82144e9f7223a24ff96e544ddd1700bd3,0.19793646,0,0,0
4edd8c4a18ee1ac19791c63901a0917dc5224435,0.5407128,1,0,0
d645125364e998b3f0648c6909d1afe62791f836,0.15860127,0,0,0
ca6cabdc42c3394d55a2a20d5c6f8b6fd9f7446c,0.45985457,0,0,0
805f5ff26a689d3d89c64b13b9034d1292b7d3b0,0.16626409,0,0,0
b37c8aacf143318b992154b642f3d04b7b11f327,0.24712701,0,0,0
61d79b7e77f488ea2ebfe6862a29b4149ddf20f7,0.23806089,0,0,0
77986d18d70d7d99777d973f6910b52d84a802e4,0.25280756,0,0,0
2b5e291952f780e50df8c47707bcca2fc8d5b306,0.41255736,0,0,0
ad664ec95daeede3805e086a603971d2600c50b6,0.2694988,0,0,0
d20ae38fb8d7effe60a020efec1b5068a0e2ac8a,0.373512,0,0,0
20d026bda72139b0b17e892e1ecea53f97e4569b,0.061512385,0,0,0
680d1b95a699e73ee8765ac846887adde681eea4,0.04373221,0,0,0
6860a7efc3c6975bb258fb892b7b0087bf1a14f4,0.120038,0,0,0
86cc1db6887178f4c07cb0ebb190b694900d8cef,0.14882797,0,0,0
459b179d687021a7991475787ba82424001bf863,0.082496256,0,0,0
2579c0909256b6feacc87fb9944c50198fed02ae,0.042498764,0,0,0
296def5ae78622b8c8e6e4fda2d223d76bd251eb,0.31909838,0,0,0
310709eb808205afaafd2eb23f557d9b2b0bedc0,0.33396184,0,0,0
f052896ac6ece2b36c36706604780dbda90b7f41,0.2053864,0,0,0
9912cc90ab10fe23ad633dd87847f170fa443874,0.23086771,0,0,0
165549671cdd9ee81fcc8e4e5ddfd4e62a116548,0.05371378,0,0,0
e48478c8bcaf6720b300b8fcd14475fddb7f5066,0.3207387,0,0,0
f843029843558642c5c29f4788b539a819ac3a59,0.2877361,0,0,0
937365e1a9b2e185ed4d6af9411cbffae837916c,0.2930354,0,0,0
de681e1b13c5af66b1a1f2301d8b094525cf6edf,0.41937482,0,0,0
9b14935315ff59eb62aa2cd19298e19c4de76004,0.30389607,0,0,0
1457605d24601e45a6b21f72078b4063678283cb,0.43277198,0,0,0
2d89208a6d21e28961f0d8057a704fcbb61984ff,0.35662606,0,0,0
31d4e7fae9743ddfe08aa32c8e638af887333425,0.3710181,0,0,0
c77f5bda4f0dacdd5f69d01c2b7b1a4499b381b4,0.036466867,0,0,0
2b238460f659b0bb00f26f45fb9fc60968eb7874,0.04647381,0,0,0
f2afdf33061fb7cf8f3d0d2a0fd75b9751fdbcb5,0.054665193,0,0,0
aa40ebfb5968ec48600d3555fc8bf3b273bb7139,0.1186925,0,0,0
2e511a4809edabd77779939e43c448bfe1a30fdc,0.10677149,0,0,0
4c284fa75377ac279ebf4b06991896e587caefea,0.08406591,0,0,0
dff58f05b8ab7322a6dda1d1e58b54e51f3c916c,0.13370354,0,0,0
ede779611ce2e816b4fba650591f2f4b07ebcff1,0.08232557,0,0,0
24450e97f811ed25a25384f24d7f8a2158abf61a,0.10689707,0,0,0
ac14c89ec0a57fc14f37d709c7eb8f4355402d7c,0.106928855,0,0,0
70e28a6e5b835281b74b3c9d8b39fd4b30c86c31,0.35069323,0,0,0
3101596daf7b37b7db692747a79b20f45c6c61e9,0.3036539,0,0,0
2d7ee256f10ed2b235a533aff73b67166cf41e6f,0.31018397,0,0,0
6cd3352472b99d11549c66326dcd1243c551a4c8,0.29910272,0,0,0
c9bac8cfc4563b5f377ada6db19b0252eb57b4e4,0.32573593,0,0,0
a48323e4877e3466d9847b28d26103457de05719,0.2861704,0,0,0
9758c4f3c61fb0c814e4c54e378812d388e1269e,0.04503992,0,0,0
b93829390d6eb3dd337faf79235bd8eb2efdf17e,0.03776856,0,0,0
a3c33f6ee887789e695f289172bb7a7e7beaea5e,0.4290369,0,0,0
00f44612507728a678f64d8bc3144cb7ec49d0ad,0.083748475,0,0,0
a9bf61161b4343011d51724a505e82339fd9992d,0.40436995,0,0,0
c486706099b3dc4ce34d16e4e0a3173b9de7dd2f,0.3911029,0,0,0
6a46b00a397374989dd5038de9310d292fa88452,0.4435383,0,0,0
04bffa014d7473d62b972a4376748f4381c782fa,0.39197654,0,0,0
c172c147b3c33af78c3d7320939f416188bdaa93,0.3318274,0,0,0
af46d68230bed03777625577374204b2cbe22e9d,0.30389166,0,0,0
0177a34c51bebc5e028af7682a6c6d1ee9c271aa,0.23895639,0,0,0
e8626b9972b23f1902e7e4c0b2ec03c4cfea91b3,0.49953657,0,0,0
fb39a0a1e1bef9e40e9b358278e783fa7d402314,0.03995862,0,0,0
1cf57633c98f5559c203bb48f1d8e2b22dc459ba,0.3515416,0,0,0
621d0f57e3fdd279ef1e8e0e9beda859e9d7be74,0.4320745,0,0,0
4c3b552c6d3e8f08e0cd41577292103a5c549142,0.41672304,0,0,0
fbb560af0395d2ad4674bc6e0f406aa05e3bbf95,0.5788256,1,0,0
c7ec8c54bf2b458a2002f24a3655c17a2bc316a2,0.17192265,0,0,0
7c0f14aa7c14e9397e6cd68683bdab77218a5d92,0.38394758,0,0,0
57370d049dd7b05d35096ceb475b4f80494db5ed,0.19635914,0,0,0
222061e1a92d6abfaabfc9406cd655a5ca8ea2e5,0.114038,0,0,0
064cecd073953686418d089495eea9d534af9e73,0.112482704,0,0,0
add2c3098953d0766950e8dc78e3484a46bcde7c,0.06731323,0,0,0
430aff38a3c4428ce43d0f30f259ee0b8b80122e,0.06393447,0,0,0
eb4e834b6ae3a17756bd2732ced075ad4a0e5ba6,0.47616276,0,0,0
d3d180e84143f0e801bf73494b1a71f77d2c25f7,0.042974014,0,0,0
2ff50c9e620032456165037fe00f3edb99711d53,0.3984514,0,0,0
71a07dcf9ad6211b83810ec187b617d005b818e7,0.31077164,0,0,0
252254380c6b9ea99fc978b6abc1b3b4fccf9cf9,0.38619038,0,0,0
d34cd289ee1291b6a7d1b4675394248be2b8ea6b,0.34184647,0,0,0
3fffb43ecffcd08fea1f28f6106d5c3c8cd97091,0.05092593,0,0,0
ad548a350635141c415930c70ce31d8173592a0f,0.40267175,0,0,0
3286bf48497f3f831f5034569c8d37da1ed6e76f,0.43597186,0,0,0
38d899e0f288a24173a6c4c5898bb176102ca9b9,0.41558465,0,0,0
e9999fd04a6338058d27421f427304699dc53c29,0.4565536,0,0,0
3e1cc8f9b982bce46c6471475bae47c281be41dc,0.3034457,0,0,0
653ffe15ad341350015201a1ec3188faffb4b9ef,0.288859,0,0,0
176910a51361cbea23194d5483256594d7f09ece,0.5944978,1,0,0
4fd9e0be85d9dbe6b969cfd434dec6eea988228f,0.63445944,1,0,0
294b73583fc0dcd548ae95a841829f9ad2ab3ed0,0.67969733,1,1,0
8af453cdab42b5276cec2e89d83ce5c87d70a137,0.3241908,0,1,0
13d84663bc4eedb2e9e4035af75622b0a3cb480e,0.343832,0,1,0
5a04dc554ef53ddc39895a9211286b9fb2e65586,0.36457962,0,1,0
24bed1a9bdbe3a1edd46bc3b2af83ee385e041a9,0.516445,1,1,0
51f09376456ed8dadc2e801afaa495863fd7ee3b,0.4199054,0,1,0
72562004cfa5106472f61efc5d456788bbc256f9,0.5303188,1,1,0
160a0d35f64a52b9e31a725adc2672498d1f3f29,0.37196773,0,1,0
2ddabf3b84d42184d9781e02a936fa1160177866,0.727926,1,1,0
ffed230ba8958ba3bc27310b71b0c6df589c3e63,0.4419406,0,0,0
add1d4f07c925b8a9044cb3aa5bb4abdeaf49fc7,0.05739425,0,0,0
6cb6acb44a1cff4136125faf763e67525ea696b1,0.35473177,0,0,0
1ca3222078064fe4bc1f92fc94a58cafa39f2643,0.30795678,0,0,0
f183402ea3aa777fd7fe822eb794837a8e0b3478,0.07700827,0,0,0
4a188d8d13e44b397bb40ce1280279d0c9b1feb1,0.49186602,0,0,0
3d51e770c28b404ac119acd7c108ba174251a929,0.20408297,0,0,0
1e802da3a611eb2953c4ec3c650436278d76b9dc,0.032659166,0,0,0
3c07b123c22a2fecd875e76371afdaa5a1d5b9fe,0.29165724,0,0,0
c6af3ed8a52ddfc3c54c69dab18e36345ba5b92e,0.31248096,0,0,0
e4aa99d3f603e70c7db3a55ae5d59470c1a37f58,0.40682644,0,0,0
4170eeb054ba1414eceb08ec6c0fbdbdb17eb5c2,0.35329404,0,0,0
cc2fa8a4b8f4508dcc05044f97acac50dd49259b,0.22850247,0,0,0
16dba64c31c3eb18ac916d49f1529fe4810fe754,0.5263983,1,0,0
b5284cd9b0d66523f6aa0a57576beace90c86e55,0.4872728,0,0,0
fd61fdad30c073f5b2576d1dc65452c5e4dac657,0.58268374,1,0,0
1c7552b1a3c2bbde15f98671c7b7c1424494c128,0.50060356,1,0,0
7cacb1830c3385098d308979ae45e3ea42b9b16c,0.04807511,0,0,0
608d50697c5e19a8249dd9290cd15b652f5f01a1,0.33931655,0,0,0
fe87b23fbd86d8f978142dc326231ea6bd4a61f0,0.4681544,0,0,0
5068b6f0082a020a6124cd7e652558efe3ec5f37,0.21804744,0,0,0
b5a63d8162d8756e4ae73b80ff125439a1b47613,0.069909915,0,0,0
24664b9397a6dc153251ffd7a4d3c01515988748,0.21945845,0,0,0
2185f5946edfddcca8a5bcb76160212bfe2ef797,0.379259,0,0,0
8eb1f763d0cb0f98de1f12e3d48d9c516f5ac7a8,0.36555156,0,0,0
77a24a9fcd3b01961f881143e485b4be0826c139,0.05161455,0,0,0
23184e15023157312d7a8afe0adfe30b5d7864a8,0.4649556,0,0,0
b51ecd27cccc520764c9ae53cabcb61d67d46d15,0.534485,1,0,0
8a2ec5ebd9afa8a299cfdd5d3cd359898346588a,0.14912343,0,0,0
07dfe0f23c3aabdb4dd47d2a7a26bbd75934da5f,0.16246559,0,0,0
b7c533baf4ce8f0fd3d3e7d521cc355e71bca797,0.3566747,0,0,0
daf6bd54af7149e06961607f36e3034aec1e70ef,0.09444107,0,0,0
d3c8c564ceef470411821b5a6c82db17782ea3b2,0.44495016,0,0,0
0a8225712e4b4a4471c5efb1ca11e97e2ddbd71e,0.10126126,0,0,0
9d7bb4b52a78301ea6256ae20279a8db63523e99,0.30278024,0,0,0
2ae95bd6e65f698120eb3a7b774b4a7b252ce168,0.5269049,1,0,0
8205f0d26abda68a740de8c962a32172d2bc7e8b,0.45262256,0,0,0
833ccb78e61f01d1525f6c6af6757ad573d8a78c,0.3573479,0,0,0
b2c982294b90f03d507e3078b0b3bf0a359a29c6,0.04635729,0,0,0
f37f373a04af7de05b089a55bfb4d2d86d055fce,0.30508167,0,0,0
9c2d135bb030213819e40f73c47e7e33d35ab3c6,0.25258467,0,0,0
3dbd158c7b0b1df5785d3a395a3ae058b7867381,0.3450037,0,0,0
2173d87cf4aa84937abe438d0f836c8fdd3ba1c1,0.5522612,1,0,0
ebb424989c23060feb869e0cf817a4d5285c853e,0.255132,0,0,0
ba8c6e130e524fc1454b279ab329b03a9877b13e,0.42477134,0,0,0
e354e067ea6b5d099db609aff76a199a81e92d12,0.3366163,0,0,0
c9621e30ba79b20322f449e24a2f438918ce33fa,0.46857753,0,0,0
4f9c6c24a8b4b03e2836c77fe2e53e38b6519420,0.39218068,0,0,0
67540b32bea000574561485e11f7f033be1dc2cd,0.3551883,0,0,0
e2f82b25d19faa263bbdbdf074948c6537d85e3a,0.48784694,0,0,0
ea7753f06b2fe66df61b63a49558ff80ac3a09bb,0.055700406,0,0,0
0f39df025ff43caff8a6fc0b841ad429379db242,0.27537224,0,0,0
6903248d4ed5a383bf0fa080992c038185221a59,0.44371453,0,0,0
5ed0d65dd3b79a990f8f8c4974c3b20c82964e50,0.3327371,0,0,0
fc996e7530dadf0cb498ba1970a6de5ea6edd817,0.32794556,0,0,0
448ae1c06150d4fd62939b5a31f38c03d9a33c7c,0.35168585,0,0,0
d4db3a650fa40ee89513ff581653dbe2d44cb671,0.4734072,0,0,0
b8f966acb480b84e8076a539b346a1ba6b29af69,0.39470446,0,0,0
22e8511f2f68b536a0b1c31b2ec271fab255d5bb,0.25407356,0,0,0
3bbac90fc37d225ff4eefaab018fe6147a5a0937,0.27883026,0,0,0
83d06d95dd70db6e3340afead3bd32fa58d9a396,0.44242746,0,0,0
dc500a7adffbb3cf94604097efe1eb93bc43822d,0.3350964,0,0,0
f944f5cc3dd7874dac049e0c8c4d7212df781452,0.07680724,0,0,0
14845725ea57e4ff110bc5fd838aabe6e6d20c25,0.2390526,0,0,0
94a3ac5fbd184bde121f94895a5bdf22cf034d70,0.31635693,0,0,0
d86d0d56e363a20ffa1ef48deea045851fc49d91,0.28321064,0,0,0
251b167e9a17d29b3da6074933acaf92cf5dec81,0.3094769,0,0,0
d16b6b8ce843e6e931cb8dbc92823f82ab10ce0d,0.43803242,0,0,0
3273f2572f79bfcfc9abe1d821a9743108c65ebb,0.43217018,0,0,0
345f3db49a7f4e662d117fb778bc66b49de14dae,0.23817886,0,0,0
81d3805cae760e12ca120b2725a6c31b83da035f,0.3241938,0,0,0
239ea8fb3cab9e2c052d933e8f0ae25648782e95,0.30918723,0,0,0
6128d66eba5b1dfc0a5e047a057c33d00abac6e7,0.37610662,0,0,0
7f6a33d94efdfa9f1db4bd71da6ddff10aace45e,0.32780436,0,0,0
843cd6eea60431ae527164f8fe9b0e054c7f9157,0.25422138,0,0,0
5e44c4e4be97e93f5d13cdc7bd52b7374635398c,0.42907476,0,0,0
36ea4c00124e0a44cc32c9c2d11ff3f77a2da541,0.22576997,0,0,0
583c8311df06e92afcea0f3c89d085a980e2dd9f,0.27245706,0,0,0
1ba982d80ba74544730f36f3cd46cdbe894a9e6a,0.4532943,0,0,0
d41221966cece5ed8c029a7e941b5d621486ddb1,0.47982556,0,0,0
4f72517b0e7881107a0db3046f0247ea2218039d,0.52970064,1,1,0
8a127b81963d28a06bc438c47dd551f860ee8055,0.3826271,0,1,0
80ed7676093c6ee19c271fd9414d360b6a8d1712,0.52014977,1,1,0
eb15183f8f1272ee3cfde61eeaf048c2280f0e23,0.3685357,0,1,0
c96a3e5a40040ef43e0a51935a368458763d3424,0.62669855,1,1,0
e4472979707c9e59ef5edc9f6541902310d3d036,0.42475587,0,1,0
bf30b1f2af61a37d8e1215e1af6022ede913dc2d,0.51871616,1,1,0
03264295028ec1baa23189bdc5b3ddf09c16c94d,0.32081637,0,0,0
5627e45ac3b893b7b8f69566738f8f09167fc87a,0.045072235,0,0,0
d0474edbfad324e68daa95e58d73b670d01ffca1,0.1939277,0,0,0
b227b3b6aa81ad319bdfe91a7611b957f0beffdf,0.44705424,0,0,0
7e303218009724e91ed7d3a008f89e8659567072,0.040946815,0,0,0
06d969a8fe228de6a637e832743cf6df518fceb0,0.37825295,0,0,0
c06fa14c5e96ee1114e701cb522bc84e0e1a1a91,0.26770893,0,0,0
4374b673a2b2ebbc7042c062b4f87ab49dd14930,0.35637796,0,0,0
2ac8f67206fdaf6563b97baa9ef4cb2bbdfb8c70,0.2942069,0,0,0
3d2e4a013b9f1bf0612afcf53eaa996d654860ff,0.32076257,0,0,0
de39dc6e141e79bc5eb87616764247867ca11449,0.2715238,0,0,0
7befe93c8533645ff3b23cddfc7c7eed56b8ed80,0.34276274,0,0,0
e83e010913d19a91ad9ce75adc69815a974f7c0a,0.38085565,0,0,0
97abbb745f31c635c5e2b9a9a4edd8ec7c15430c,0.4357569,0,0,0
04c041211cdc102ec44ca098a7e7ddfee27a0ce8,0.25502035,0,0,0
40448470d6384fd4128840151a62be646f1eb88d,0.30502045,0,0,0
3251bce2d463c4ba51fc24c04904a8e3ac886c3b,0.3104593,0,0,0
07e0698ed6961ac535a8971e52d61e53f877f58e,0.4435898,0,0,0
9b841a30265fe0652e5e94c338ef82970363f4ca,0.28574282,0,0,0
387455c408f9de0a9870a215e1e6b9497bef1eff,0.60134345,1,0,0
81d88e666fd9bdd3424b526be46626704e0b9c7c,0.5400487,1,0,0
4904788fde58204d5570dbf2268d8580a5d8d4cf,0.2737286,0,0,0
cc50f64aa8598728365f282056035cfc094e7bbd,0.31904256,0,0,0
b433eef1c1ae41112791584346558600d134f7a3,0.23904012,0,0,0
1fe62a02c75c1a1af4df78ec1b269837dee69314,0.32241136,0,0,0
100cf21e5b877d160eefebdbe109b331427aff3f,0.44508833,0,0,0
227008cff233f9424ab37044b2c0d7b2d178c330,0.10268681,0,0,0
4b46a1595c4c8688644549b3cd762819f4ccfac0,0.5015598,1,0,0
d3bef0558d47861d85ebee02bfbbe09d67a60c3c,0.22242025,0,0,0
475e02f6b0f0e7b650b44929b19cf6d5812ad2de,0.28736854,0,0,0
b5981e07909d4d1626d6f0ca359d3124c932cd60,0.31464136,0,0,0
20a1b9578effdc68ea07870f49e4e93289d86e1c,0.36992308,0,0,0
06827d11a7bddc7a02f2804618219b862f63ecdd,0.488804,0,0,0
687fd988a316c937698c6c550b3c87507a60e361,0.45068127,0,0,0
53065084d622423dd086efdc6e76729f97d463e2,0.4276372,0,0,0
ee4ed5171c34694edac71add10dfab9abb6b003a,0.22907686,0,0,0
bbdd3e827d23c085d6c669914efa2798313b1b52,0.4249898,0,0,0
aedbfd5bef8442e5559c0439ce157e3b8cc37269,0.3635875,0,0,0
769df5afa88c6ce4eda5c675626077a24827181e,0.36271855,0,0,0
27641679e9fc948bc33ac13dbaabdd831954ca29,0.37890702,0,0,0
70add68322e8145ddcff59c2347a40c0f2e9addd,0.36407107,0,0,0
4a4074b7f330d77f296c16abd82cfe026de31f99,0.36782074,0,0,0
f5b48cb2b84d0cdcfaa99efda564a827f18bb49a,0.38285583,0,0,0
3e7ca122fd7cdd5435b5c8bf83b234b3f68bfb89,0.42704383,0,0,0
241f2ba7aa3225724a80421b56075aef7bfb21a0,0.3848367,0,0,0
92a3a06876fc47d55d189f6483b1efc37b1c59bd,0.23532662,0,0,0
b0017f772daa5e7f05094e38e4bec9bc99e5792f,0.23799789,0,0,0
f1532f0cdd5cfc6c40fdc85bc50d22ef2dba699d,0.0680452,0,0,0
5865fdde89b92235cb080637810e178f21bbfc11,0.110988505,0,0,0
2f2698fa5739eba1cdc3bdf8299a754fb98ae871,0.074649826,0,0,0
b82b8b2cc51220537d247d45133838eb868fe213,0.24695154,0,0,0
e0d62420f7020b7e6a88d6f41b27547eb8ac397b,0.30268526,0,0,0
1a0330f912c0aecdac5a394997932e94a618a4aa,0.378639,0,0,0
bf18ab3679d025b4da88797bb9759f45b1eb00e5,0.38323936,0,0,0
7f384e85ea9ad0fc7f4cdcbf9451dece694ac63f,0.4189734,0,0,0
3ad097a555013fb78f35643d2c8c201435aef8f2,0.26973754,0,0,0
0da91a3b68d0ab6c28c89bd03057704c35ddec35,0.30277067,0,0,0
4aec5c55ff8bd122cd5d8cf093a595de81bbdce8,0.38447735,0,0,0
dc51387cfcd868ea837da2b7d2be87c70bcb8f9a,0.40047988,0,0,0
b24dc73be37f00dc35bb1e41cad90c703c96a13b,0.08643605,0,0,0
c8c91b47da7a68bfd7b335d664934c302332b06d,0.4180394,0,0,0
98b0e857a4e8a54739a10e5016b6ef3b9753af77,0.3274638,0,0,0
8025b2aacf291bf9197171d9ff1f7a693431726a,0.30968952,0,0,0
2106a8ae107fc2df9099b12b23fb89f95d449f27,0.039533626,0,0,0
a94943098d61f48a5508c2ba32996a0e98eb1704,0.29922497,0,0,0
35b06e09dbebf887afb6ba5191451074496571e5,0.3659654,0,0,0
8ec1c52351aba784e90c2cabe8dd3639f233debb,0.28690758,0,0,0
0aa96a17f8cf9c96874c9519c93e9f7723d41adf,0.393506,0,0,0
62950beb8d9ae79097a7651cc3e1fcbd8d5e31f6,0.27248406,0,0,0
bb04d083026dfd018eeebf5139850c34e6b49b1f,0.32950822,0,0,0
6b0c5a3b409511646984f34989ca7826eb4379cd,0.40662906,0,0,0
960febe9458e4213133bb7751c8ab9c3c0b88bc8,0.35692888,0,0,0
a3fc218ad914c8e1de13ec3d5f5fb4a54597bc8d,0.3755545,0,0,0
fdc460dce69c6ef2caaafaf9628ee94d07d17625,0.12872969,0,0,0
7ceb5a6b8236517d708d7965f4873344c5630969,0.19846305,0,0,0
bb9dea37dc558378dfc6559133171f45c6a3b5b7,0.42276883,0,0,0
28d51dace3fbbf8f0bd71f749e5290685b0c5df2,0.33162296,0,0,0
e74df2c0e90e5e4ee92a0d45fcc6f5db5958861a,0.09497404,0,0,0
05b614d6042e1852b8bc14fa0fd66adcbc1406ef,0.37954298,0,0,0
05164d24d77b4f05a309cef5375792b08316f1b6,0.51097226,1,0,0
efc4809b7b73febc18cdd8976ff8e9d6d4537ade,0.34396008,0,0,0
93c12bbb6d22a165a407b6184cdb40545f86c683,0.40727067,0,0,0
54a95d899854ad5a0a7b896f99cd8ba68b89d471,0.5899234,1,0,0
df7a37858bdf7c465d6ba96637558695e42e2fe9,0.38787,0,0,0
cb9d0a8369704bfc94a84371561d30a6b4317767,0.37358448,0,0,0
db1483ae639de19872a023e2af418ac695361500,0.24310902,0,0,0
7a8ff741e0d60d6430be6f8a25bc1bbeb65832a2,0.228527,0,0,0
0d33e877b1642b1bb630415304b8d01de2ce427e,0.14910658,0,0,0
d700649c1748cdec25ce871925d80a1356e3147b,0.32411307,0,0,0
4f30fa5358a7712bbaba7e25d97166d9b4a0f0a0,0.3871082,0,0,0
774228b4c6d5e6f8ec239bc9a3d8f09ca7bfa51b,0.42218024,0,0,0
ae57c74449db1d55abea013eb0274fb9a1f636bf,0.4443265,0,0,0
54567ccc2ec5ca96bf70b0926b56e97659574f4f,0.2873505,0,0,0
2a354150a2193ad32311e675d7452c8059be3bef,0.3083143,0,0,0
db6cf117a225ff973a44972c5fba128b1228a99d,0.36688653,0,0,0
6faa7858155e8311890f14e486f43d5f8cd69835,0.35354817,0,0,0
4790afd48bb04258b01965f601f979f7c71cd472,0.35501885,0,0,0
6535c04c044a9a1ff76410251e43932ebafa6872,0.21714005,0,0,0
69b4784b44ccebceef03b445f420240d07a85062,0.37761998,0,0,0
5cc4b1638d331d9f6bfa9366e26acade4b412202,0.40982333,0,0,0
11b6cb54670ec16f8597851cb010c62c6d3a6578,0.22157916,0,0,0
881af80e8016adc72f7c577bbb88e0aa37c0505f,0.23024161,0,0,0
c1f539ad85e47c5052bf0e123ef7264fbe5d73bd,0.23685336,0,0,0
9fc8dbcd054fd82e8fde73c50b63832b6359f476,0.35213086,0,0,0
a2da1049443db9db3e2c06cff58463fe6cddb978,0.54590195,1,0,0
355dadec5d8729f25fe57408f29c75e64ee65623,0.46717212,0,0,0
41ba47a04626704ef2fc49ba03b0be0939879271,0.046669204,0,0,0
cb497ff3ac18bb0832106b624f43708dcb28e034,0.19449823,0,0,0
70f1e65a1fbd882442829cc377be937db4ee1acc,0.37179083,0,0,0
a1e4f67e9d5480de3d725295f562e98f6c45d79e,0.18792309,0,0,0
60e3bdcbbd3f84654d6df895af97740408ba2bc3,0.44196543,0,0,0
52eab6561b244a4c84572a04bf6bf05144b2033b,0.38588697,0,0,0
dc4746b69a3580443310765eba606be998e2da4d,0.40856117,0,0,0
84e2cf153d888b5f3a73bdeab13c323c6405c1b1,0.3684667,0,0,0
8ea2c18f2b69ca3d9f3a8a1033aa6078df745176,0.42984116,0,0,0
2a7594a7ded5123b99791b0f16265833ad35c81a,0.41156918,0,0,0
d8bef16525907af19a253e911c964d630b1737d9,0.24451023,0,0,0
f3bd0b79313c65d41260a7dfec6e041cc5e24674,0.3345511,0,0,0
56d6858f3430e33398976b02f23cc82c25641a4a,0.17453949,0,0,0
7af57e58daa9872f2066d7d521f5c153d7e372db,0.16483645,0,0,0
3ad7450857297ed609c5b568fb55f77dd469d8b9,0.26377687,0,0,0
190dee5fa3b5374f95ae8b3673705802789ed0a7,0.13566351,0,0,0
ed403b6580ed403a814e1c821200f302ffa5805d,0.23694031,0,0,0
03f8b53af1526c038be1e0aa6f519a6c73762758,0.47656512,0,1,0
6114f5479d0bc640390c8f073b40eab94103451f,0.21284278,0,1,0
b925070f3842ac0ae2cd816d7dc99233e7a6ddce,0.21283309,0,1,0
6bc2d25ea6dd424148786f5e0cddeb42ee072e79,0.42513505,0,1,0
2280cbd563332a1b9f3ada9de77af40efc6c97b0,0.4544218,0,1,0
d254cf2bd17588e5111841b0ca0d349a0f4a6fd2,0.39316598,0,1,0
a3cefc2063d220efdc8a42a66164a5ff0bfd690a,0.6077728,1,1,0
d8e760bd13b8a5c9ddd2029f2ddec3fbadc280a2,0.06823484,0,0,0
fa2fafcf1e1eae47296fc8ed1d609225ea381971,0.26261303,0,0,0
b0bb65029d1e3dcf57d8a0a56e4ca7cccbd18db4,0.035835188,0,0,0
624cdb14f819ec4ce5a5c02df0293f317cf9737a,0.04711231,0,0,0
a6feb941e5ff8fde22865f981d912c6d5f48546e,0.52542144,1,0,0
cf032314f935892a8cc5ca7a43bcf1c9011f3242,0.5139125,1,0,0
f675cbc93ee4bf7395befd90303cfdc79265cee2,0.42833173,0,0,0
5226462744f1e3c11fe5477b543a60b18a80e548,0.39842707,0,0,0
71841bce6f67b8e58b26caaa49b5c0b1f7269534,0.37569398,0,0,0
33172a83a4eadeb7084486256c57947567ddbf17,0.33420298,0,0,0
ff38c184f7b5e1e2b9ab88b22464041eade680d2,0.33366773,0,0,0
131e4926b7a31fff3c6bead10bbe6dcd15e32bf9,0.30977964,0,0,0
377dd0a46189c53b9af1f89c7e4e9e1bc7698646,0.47188255,0,0,0
79a242ec3ec8208a9187777cb40d8c269f3cdffb,0.48994562,0,0,0
db69349c601fca02ed236064bd7c20c359cd9707,0.23012878,0,0,0
3e65ff983dcaba073337d3a15b21dfbee2eee4c7,0.49674523,0,0,0
86b6c0cef9e1d09db327197ba2cd64f404c22988,0.257462,0,0,0
83420394a2e397ed46136c40081e437d5af9c2b5,0.13551295,0,0,0
f61244c48d22b86a9c6de16fc4805f10d8d4777b,0.33845133,0,0,0
89d2eb8fab09847c42ca1eb32c62e0d4ef7699e6,0.042202253,0,0,0
661fb0c9c01c87410cdf1abda41d78906656c7e5,0.44000438,0,0,0
71a4e3f5bad9e17e7213368de6af803bc3cfc160,0.40803647,0,0,0
3832b54d4d6f8a45c7283fa42569e59d66ce3d90,0.21583492,0,0,0
53b6258b2465362ccfa3f85a482a9d54425b6d93,0.5715766,1,0,0
a310596a75ce3e0cccf268102f070ce85cf9384b,0.42104352,0,0,0
80d570d77a6f0ff71bea6fddb6519d6bc77f408b,0.48934293,0,0,0
9994ba2cdb0922cc16261cf2a165d9b7a66092dc,0.2886251,0,0,0
10f7c22ac3955b9ec0879367fa76f6c14821f512,0.23479007,0,0,0
19c15bd468dc770e255738fa474956d37b8bad07,0.14992255,0,0,0
2bcd63e545252c308f9d8b51d8f357155639e861,0.28536022,0,0,0
31dac7eb1e2c3683987adf686b0f151925d51b94,0.23544139,0,0,0
b6c1226082e9272a3a5eb37422afc24740e7b75d,0.3825607,0,0,0
1f06856824ecb1896e15059704510455938372ea,0.4172175,0,0,0
41157e7a305acd42d820b0dee0dc6cee228142b9,0.4768504,0,0,0
845fca72fb3736ba07f9f35b138295d77530e500,0.6236722,1,0,0
62e139bfbcbb1c70bd622081932b133d09aa4a62,0.55177295,1,0,0
4f65842c59170271f82f98b5eb3a985f198420a1,0.34044066,0,0,0
2f92ec1b0fa868d2c59270abd6630a3cdf2d02d0,0.3824131,0,0,0
10636cf7f281864685b64efb6b013f57331c4615,0.36992055,0,0,0
3187c92b9b39a2f0663f42d2ec2e1ffa8c45db10,0.4399656,0,0,0
0b10d14e48d1937621edcfebec24a2caa6676184,0.37892744,0,0,0
beb266a7c1a91bea734bebcfcf0768790055e8ce,0.31733242,0,0,0
e45d91d0386a32edde0ed08b57f53ec2cc1de3ea,0.4139247,0,0,0
93b0d6b3acb2d3be277ca8c2799badb005686429,0.52189714,1,0,0
6b436a0dc1c32095698fa777ea1365f5bbfc672f,0.4553892,0,0,0
1d049600404981120633155a69a2effa10b26cfb,0.23722845,0,0,0
29cf07169ebaf45dc8eab6c7e55c0039b31dfa5a,0.4872539,0,0,0
b4d173d3519854993014731e8b8c1e73a137379b,0.4416005,0,0,0
7c272bc96e2053ae9960e61769c38696f4f3b854,0.24811372,0,0,0
6658eba6826100e9059186809927f398446e33a4,0.46130976,0,0,0
8fb9b82b186fcf137854e60f48f84bef664f10c1,0.4024657,0,0,0
fe71bba6f74ce54fd2581af15db777772d7d7be2,0.40735275,0,0,0
63379962669775afdacb14cda8a40cf9c4c9a043,0.28679585,0,0,0
9540122871676a511867c3d2ba54bf76401c8a91,0.36644617,0,0,0
064c814833c50fe1f3f87771e6e85dd6b1dfa42a,0.3713951,0,0,0
3f28c60b2ccbd4d3965eddfc2e652eb0027b10c9,0.519281,1,0,0
9773e41c076aec1cb86f4438d37b01a97b852a3a,0.3388697,0,0,0
75965fd2aaa2ee1c5f34a0ea92b0a444be2cfc85,0.5385918,1,0,0
16f001b4ed6a2507861a50f73f5deed8e86bc6ce,0.37574035,0,0,0
c13bf71d3a1e8eebb624e8a113363998d1664263,0.4126068,0,0,0
cc70e908fcd9b309187789fdbc20249ee3eede3b,0.41715524,0,0,0
25d9407086393ee46fd5c981d8deaa9da2c17be6,0.30456245,0,0,0
0d4bfa919943d2053868ac7a48c2757502c5cdec,0.4483527,0,0,0
88bc781f326d51424680a3fa6955632a7883b7e8,0.3653711,0,0,0
8bcd036741fad3864b785cd424405cc7da6150ce,0.4304168,0,0,0
e9c984fdc9fa6d35744038685698ebc5114df676,0.50724584,1,0,0
56a4b2ae7539c2feb5f1a049634f07f2da082494,0.31874204,0,0,0
53d100817e07683df4932f3dffb94873d3c72602,0.27027178,0,0,0
ad403802e0a705e215b46cfaf4634bd674f6a3ce,0.25859895,0,0,0
773a012cf8b1f125f6a128481bbe2b531beaa023,0.4350102,0,0,0
55965e964deb71b11758bf7e8abdf698ed7dd26d,0.4433175,0,0,0
1ad8fa191c5df90d9f0388d7c483d57724860040,0.39098513,0,0,0
31d3f3456ca68f29b98ce5650dee94e1127dc805,0.43335542,0,0,0
0431fef427b0ccbc8220cc7d90e03b543fb1e98d,0.41454285,0,0,0
23977d0e561b71060b00060ca4d18cf0791ee77e,0.28894505,0,0,0
2c555d3f34cc96ac8d6f6cca07b69ac79cea57f1,0.3668654,0,0,0
de80253102670072f7a4f7e1fbb64b69cd53dd64,0.32056177,0,0,0
4858db950be1536b0645ac6b183a20196cf01770,0.41291982,0,0,0
10784b87b548683a5fd37819ec490f8272b7c806,0.42882207,0,0,0
0e85b8d81e5d8788c3b29e4979d9dd4c50e57c55,0.38079336,0,0,0
8bcb17d2e99f7dd4bdd81a103dbf839589635c3c,0.23628207,0,0,0
6c2fac139550b0168d254ee4b925ab206ccf359d,0.23804882,0,0,0
040cc81c32c269fdb4a972db04251c4691f5389d,0.44120264,0,0,0
9f6fd35b16cdd19bf5fa3e8abaed17852bc1dbd8,0.37311786,0,0,0
75c6369189b4ae60c08b21178d0798355b8fa281,0.3864176,0,0,0
cd326abd88b3ef686f566e0b1735b53383c627dc,0.34168318,0,0,0
b3f1cc30d4e1d9627ffe73e0394048dad5af651b,0.1977778,0,0,0
c432a075e7c1bca79a63eb2a8f9d9ef5495c0e48,0.60041076,1,0,0
8672c3560a180a36f854458724ab7b40ee8b9d54,0.4019711,0,0,0
8e1b54f21160ccfdac07039b05f6a4050114b965,0.32103217,0,0,0
6a612f3c67cc92929c236c69e70b0131726c6808,0.40851903,0,0,0
cb48137d5ab27db5da09ee3940c2cf93fa47fcc6,0.41343924,0,0,0
f433a99608baf7ce378478ad212754e9a386d5b5,0.3660656,0,0,0
b572ad1e3f956edc958b0142c0e6d296a9d24c6b,0.32785845,0,0,0
628e21fcc75ddf52ff2ad5c67ee7b4840b6357df,0.30380028,0,0,0
00354024c64400dfaba80873e55fa365d45b1f9f,0.35131472,0,0,0
75199a4d3244bf3f97979024ac15a55728cb0860,0.33155695,0,0,0
0eca91ae405f281e734337024bf499bc2e90c8dc,0.22486734,0,0,0
5ccf73a33230857f217a8e456301c2a0e59d148b,0.44412848,0,0,0
6aa057ff95f0c14a7fcb562020d71bde571c2e87,0.43647078,0,0,0
9eb1e02873e9b56c55ac6b0bd253d5193de15b9c,0.26767218,0,0,0
3df225721c22a5eb7b7b74e774ffe5a0705965d6,0.3462837,0,0,0
16626a9b8fdecf3fa80876a244ff74dd171b06cd,0.45569414,0,0,0
8856608a047f389a40f6d1f409983de139b35850,0.35363713,0,0,0
18e6a973234edce2e46a5c4fd99ab890e8594b31,0.39954504,0,0,0
7908328f012778568c6da95f7081b8c4b9754009,0.42242002,0,0,0
f283f4c4b6183504135a98a3e0d77eb89f391bcf,0.5607758,1,0,0
e45c8fbc3e119e5044bd0143ba253380ec45ecbf,0.48212546,0,0,0
f4bc7cb026b668257dcd5b083282fc6c2f70f2e9,0.38913387,0,0,0
11dca5f8746e7b7d43cd62635497946d309fcb60,0.23706745,0,0,0
f05518d99227ade0b7928592c28a67ff1f0b3bf3,0.5042026,1,0,0
b383b9c38090f9eae7ccc7bd82052141a3eeca60,0.47232726,0,0,0
f2e00c0453b286f77872b716acfc3ed75467b159,0.28612757,0,0,0
37daf894acfcb89582e701a36e1695f772fee3a4,0.3191671,0,0,0
e176d65e03aee3135bf91691c0a43f0ef7f24b02,0.48437357,0,0,0
c510b94ad8905d4346980c68af1dec143c0f4813,0.4260524,0,0,0
21d75a867ed4659b6796406ea26510f683f3ee42,0.42986488,0,0,0
63bee061f37d09d409aa02d4de122fdd94b538bd,0.32238412,0,0,0
c5dc98d98d8b1d06585b9e23e04418532a6cb3d8,0.5045154,1,0,0
b7df9811bf66d7f8ae855a82572fc8472b206c5b,0.56046975,1,0,0
99facd0219053f660c43b318b0966de40354d76d,0.4311946,0,0,0
155eac83dbf06ca184a49e35577aca1c0f295299,0.45378885,0,0,0
35a456bb612cdf33cf84a92098ce58ee9a298137,0.21742988,0,0,0
b53521ba1a104bb725b63f5d11c551447b78ea59,0.49572355,0,0,0
d7f3d4f5c6a163f18af993fff9d8e52a2f384aea,0.2660394,0,0,0
6fac1ecfdbc6d088498b1e7a5556c7041c86bbed,0.26479927,0,0,0
c50607e7c834422c7fd926a345b1badebd1a2675,0.3964177,0,0,0
a78ebb040a841a14fa0ab8260977f9d2b92623a9,0.388354,0,0,0
8e4a56526f342b5ebaf36ea2003a614ddb7e4059,0.45886105,0,0,0
bc4cd88aa7d8343dbb031c65d141f4b021a95d0a,0.5124747,1,0,0
bba1b111e213523054d467c3fe477d0722437a2d,0.38406512,0,0,0
e5707c51408626d40bc07c70e337494386343feb,0.40509787,0,0,0
76c80ad2819c85f71977e584bd1bfb3704ae6fa1,0.31788456,0,0,0
3118343d4ed0c932838acb0f733cf67435653b79,0.23509155,0,0,0
ff6400238181b6d4ceda00c1eec79da6877bb171,0.3992671,0,0,0
d815c27f7652dce234403fd95b55278a0423b5b6,0.31491444,0,0,0
5dd2debd744ac8d57570e05070ad742bd9c82af2,0.3905372,0,0,0
0c3e4e0d3f697fa4113555f440a342e1aecb88ef,0.33804527,0,0,0
eda95607e97ee903c627460456986be9024fb384,0.049356334,0,0,0
6fdbd4f12282791d95d636d427e65b383f46febd,0.069914035,0,0,0
d6819f7cc25aa649682215eeab9d7040b5438560,0.47636783,0,0,0
bc7a3969c039f179d5a73c8aff19cfe19d511503,0.16487706,0,0,0
c2efa4a80ff5bdc422999e3cba6843935aded1a0,0.35882416,0,0,0
af598460ac9990c2a02823b3cfbdaf9f5429ad5e,0.10603178,0,0,0
16c46bdb4330287fa64cbb2b71014c76852e5c8b,0.42537957,0,0,0
749e5b3918721a1143905e1482916d8674128a5e,0.20065944,0,0,0
04e3fe1d2cfd176784f164413010d87a01f1e5c2,0.39895567,0,0,0
91fa2dae7647558bc68ded9c3e7eb5a1c1846404,0.33358034,0,0,0
d49d45eba50fae24715a78df93bf5d951c82c6ac,0.050893467,0,0,0
f36ff599a7670c025010ed7d86ea0fbda7e26bee,0.06991345,0,0,0
ebd133cf778dbee92a1fd175443253ba2bebadf3,0.4513828,0,0,0
8d719d4ea9dd0996de476e2c4a9728b1f367fe2b,0.2936126,0,0,0
6880e8030b8d26438500842959756b441271ed48,0.22596298,0,0,0
578127901a96327d398a42ee524d9dedcea64dff,0.45279613,0,0,0
4060b8ee3347833490dbb2c065f14c1bd592b527,0.20862865,0,0,0
de62c65578ee43d0f038db757b18954b54c49dbc,0.2842961,0,0,0
11a7aff1b5c38a9cdf056714a20c8c7478925c08,0.39730173,0,0,0
88a02cecca5cde95090603e19624c285e484c23f,0.06471243,0,0,0
3bddc5c5321e492835413bf4e8c9b3caafe4fb68,0.4108355,0,0,0
3d64f608ecf0153c2080374810711428d689cded,0.041578624,0,0,0
fa10cfda08c3e12c5c187c1880f52f89284eb0e6,0.33070898,0,0,0
15e3ba0f7bbf0adec8ca93d6acaf5f488582c949,0.38641232,0,0,0
168a1dfebdd4a10ba593311856d3addcb32696ff,0.42321905,0,0,0
0a2a72eaf5832da87b80fa41008e0b28182d928b,0.44905415,0,1,0
7c3390d0a7cf72afe3ffb3e3748f993e85cce48b,0.046540175,0,0,0
89109b855537050f5b9d125a88d26ca2c1d12f78,0.15959503,0,0,0
27b015e5dfdb67f8530e7c110d36aa55d0e42cb1,0.5084305,1,0,0
c72f418ec98b259673c695ed60fa7290708a1d55,0.034749918,0,0,0
b61eeaf0529f070ba19db904821b517a9e5528dc,0.48165393,0,0,0
3b44781f9514988a31e2748416b1cb7015e2767a,0.53845954,1,0,0
ecd3c598b98212cbd47cd415819b62614496839e,0.30510405,0,0,0
163624a9596298bf80bb41360fcd246a886a0688,0.45962667,0,0,0
4ebfabb194c88fa10db51d6f2db6282a357ae15d,0.34842548,0,0,0
c485f5bed92b784a4dd915c6fe5d7b95a9990618,0.5365545,1,0,0
390a4358394c91b08ac7903d69689a62cc8c0fc8,0.18917304,0,0,0
dbe962a24475a2d288e1e1ff681c21ccd05b5cbc,0.06302317,0,0,0
6ee55e92440c2eb8a25bffce9fe0b18e1d49b67c,0.36754,0,0,0
08fb5dd3465bf636093b056b059c8ce2deda42df,0.29820976,0,0,0
c0aa76eb16031973f3e897ea535a0b38bfb7f11f,0.3883225,0,0,0
7a5d7677e6ae10318907876c58727d68bdd72bac,0.40258414,0,0,0
7a56d2484badfbceff130dab0c128f1a581827c0,0.30403158,0,0,0
d555d56324cfa620bba111242931fbb7337bfe4e,0.29616407,0,0,0
1500916bf165064d370c3583a19350010a88e2a1,0.44058847,0,0,0
99894b82ae77290ff43d84eeffe638c3ed55d2d9,0.0802064,0,0,0
170b62aeae48d2cff474edf0b275b0f2bb3a5f88,0.5342402,1,0,0
b26691806891840645059fa5e3a6c86f167f32cb,0.4726757,0,0,0
460f9f5b0f30b4ddd5d568ea4c381779e9dcf6f3,0.07075216,0,0,0
bebc7a8a524e19739f6128437bab06212a35e75b,0.458534,0,0,0
18c6426d1fbb60f0a52a5a7a021690f62d821955,0.37544465,0,0,0
683d902dc66c21b2353292880a00e0e149e548d4,0.55154955,1,0,0
31af406eb992beebcb8c0f6908df8031ef179aeb,0.45426175,0,0,0
2303e85c5ba9e2aaa72b0e3ea88d589e312df104,0.3806638,0,0,0
1d5ce0051975f0aca46258ba1efe714768589b2d,0.35058904,0,0,0
e3496145d2ee1d147bcf2af176b99c0ad12d43b9,0.2605118,0,0,0
0ae4ec44259ea0e3feec3e76671420438547fdae,0.100795686,0,0,0
bf1165fac897d7d51fd6645a0eb8dfdd4eb4165c,0.23786165,0,0,0
6dc22695d51eb464df4bb27765b1af18ca757b9e,0.3085213,0,0,0
f028a548b933c73c85c1f15a4900fe93fc1c4908,0.43874532,0,0,0
546a1c7d5d40f45e7ce2331255c1763a5b04579e,0.31979343,0,0,0
e66d8cd80c0fd29925050aec9ff96095617dd076,0.05496749,0,0,0
73db5970c0248433d25be914308f76b03fdef175,0.35719985,0,0,0
3dada3ae68d58491197deb8a3c1cc3f5504a48f8,0.47962666,0,0,0
791e14cb9c8ac13fe4506470f2b8921c3cc542da,0.23743072,0,0,0
5578e731d97d974902d923da646650228a2a1446,0.48608303,0,0,0
b1e2ae4c902691bbce02a90b76c4bee1c6e58455,0.49840164,0,0,0
db7540e045fc07ef39d37163a263615c6e580efe,0.6139581,1,0,0
0a0ebbf02c08e303eacddc45854f8cd6e0e0f9d9,0.41395852,0,0,0
6a8f225173324e4bf593b3ec2bd60015e80d3f08,0.44167417,0,0,0
ccdddfe067274bfa3612d9e866c2f86c2a6c87a7,0.43699083,0,0,0
6e552cf090053ecbb1ab4251528754373d0dd511,0.30453256,0,0,0
c57a14611951a6587f8eaba95b5b6b378997385a,0.3952462,0,0,0
9b4f29d41a71f58e2a0a31d03f1bb8117a9e8d60,0.35928783,0,0,0
e6e6c2d91e0e8b6549b5eda8973e5f3c150a7774,0.097834356,0,0,0
ab40eadf2da890903f4c5d74d0cb6f5459a5f995,0.22231112,0,0,0
7b80edbfe28a488e1bbbe69741ff9f8432a676b8,0.39625654,0,0,0
6e710a1f78a4a733020a4b2d1f07b6fe4c6684f0,0.70539165,1,1,2
951b253fc38c09114d0fe273a3758a15c151a8b4,0.6598612,1,1,2
f3539c7eb312b127122084279002d3fd238c9a17,0.65240276,1,1,2
7aa5ba380ef6aea0f2f594873b4c7378adab0f18,0.5598067,1,1,2
def1380280b9be6d166d3938ea4b0254e9b55dc9,0.63747144,1,1,2
cc06ae9bf7a1fb6cee46c40d2a6388ac05d3f5d1,0.62395686,1,1,2
7972f1ac1b85a5174c9f293ad98abc87edfe42e6,0.5795308,1,1,2
bd1c4ff86fa21358949e925274f5b8146f5d02cd,0.5405638,1,1,2
be2aa80bc371d600ab2230c545051ea6454577f5,0.29853117,0,1,2
68b033741b02c3ae54d649e858790732bc5c2d27,0.41432074,0,1,2
4f5d25205a9cec988de300a452d641a155406b79,0.5753706,1,1,2
d1e97bc85338c563f4f732bcf917a08b3cbf4792,0.5853145,1,1,2
d40c01673e866c3c3b5b51bce66e9518924cc31c,0.61463976,1,1,2
5f7d5690a97b2ad95bbe381695638f0c7ca2c4ff,0.70434266,1,1,2
8d340a008767c5d954b7539e825b4c90eb15ab9b,0.70451385,1,1,2
84e490b66f61e11366b62efc42e64b60ae7db35b,0.39103645,0,1,2
fc939bf6838f4bf986e0b42fddee3df6712371a5,0.35889992,0,1,2
5c798eb50aec6040f415b6def1912d4345f8310d,0.39519507,0,1,2
d1758567765117cd395ea47319d3acde7fc663b1,0.4010399,0,1,2
517b8beb06f63301629f0ec3f58f6b667061d3fd,0.39795068,0,1,2
5c715cd84d600c0df0215846efaece2ab4673546,0.39356914,0,1,2
dff4cea14174548f52d6fcc66c9bfd7a339b7336,0.5917388,1,1,2
02ae34d1d3f3c9f9c25160cb14c119958f25af13,0.52712095,1,1,2
8e0e1c32ff1ed1da4f09fc9917812e6457e6fef7,0.5828111,1,0,2
18c5b2536c114c86b810bb3ee94474fec596a462,0.336766,0,0,2
c6e4d8c9f534d3e70e79bf718e40724d56186109,0.19129008,0,0,2
5b5ecff53b50a67179f6245bf60047c59f027e26,0.33692893,0,0,2
46dcd98ceb70720f96d4cfa23b001ff108bdaebe,0.46039283,0,0,2
dcbfc80c4a14b91194fc8b74760b079cc0a4ce42,0.53088427,1,0,2
23492711d234f2fa647bac46997e361bcf985423,0.35151055,0,0,2
f10279a29d47d389a31da907695673a992555adc,0.32451272,0,0,2
8d5925b52b48b4c69934ea5c48aa298a2ec74e84,0.2436689,0,0,2
a30aafa016409048747fe9730d6f7892eb12d7c5,0.58789665,1,0,2
a3611513fc4de7234ef49ae46d646b0795ac7110,0.597231,1,0,2
d0eb1d1dd1d9aed27c433d78a76962340fcbfc1d,0.41758755,0,0,2
1ae9dfaf45e0a51ee7d604551f7e1932d1787975,0.5445467,1,0,2
1c2d56e8a91b0f64317a9e02cfd4b45b03d3019d,0.059662946,0,0,2
2cd92aa6e3f44df6b0552a28b83022a7f92f8946,0.40419325,0,0,2
79ad715f02e02af76da0c6e47c164a80768a01ab,0.35988736,0,0,2
e5b948a1687270192753993c998d61c7a91faf49,0.29252172,0,0,2
b81a48d78dd9be1c3eae57cece4c88df92c30247,0.43668345,0,0,2
0b873b95a840f8cfdb51f4ceea3b524d46d20715,0.22911324,0,0,2
e350a38760c93e373562d6a3e906df5904250146,0.3215846,0,0,2
660431cf4f7e2bda887a0e35ad3a76bdccc14110,0.4231708,0,0,2
f65e9aa63f8f266023a986507834585a9580c555,0.40404734,0,0,2
535cbcd9f20b29b3c5a5d69f654cde57969b3788,0.337488,0,0,2
2d650f890ff1409f2944bc56cdc4b518b35e06f5,0.25681737,0,0,2
1c4f7bde1c8f7d8c0e09484daa626fa4f40e38e6,0.34452146,0,0,2
b9a22fb6f6f460287993d3cf087ae5ff036a6c21,0.4587865,0,0,2
14d6a09601b68f60e6b18142b597a6890e5d581b,0.42976302,0,0,2
54fdc54dd24c9ece2bfc32ca12e88545ec923a96,0.33663696,0,0,2
0ff7c091143e8326eb88dabce078ca76778a587b,0.18947256,0,0,2
32ed6601f216dd1300876719cce837bfa9824e26,0.15063518,0,0,2
7df11e15457e8d8bf4e5730d20ec2412c429e091,0.14940959,0,0,2
15f7f84678a24533e42f2fde230c5f68d1b33035,0.427761,0,0,2
2499f70cabfc8d17f2c6de124a81fc0940a70fa9,0.09382154,0,0,2
6526a5e83c1fb9644da34e44fdc5a3bb8a357c84,0.25128174,0,0,2
5904d90ade8663f5552b51036740352a9b796892,0.18993013,0,0,2
fdb75911387f77912c37dcee0af4a2f2e0977f3c,0.631082,1,1,2
538a97b115ba4ea44c57898ac7c4fbb77fe0e9b7,0.44179252,0,1,2
fa0478f4f6fb724233dc3e00a9f8dc557ce7cdbf,0.5805232,1,1,2
ec81d7ca5100fd97fe8428db02a2cdde967ac87d,0.38245293,0,1,2
81c40b9820625d3f529b116baf6b4a3d45dd2f75,0.49912998,0,1,2
2b085ae34295d5ae1d7eaea5a55a2df220bf1bed,0.30503306,0,1,2
d6a354e203e4901d3eb6a36b3aba620fdb222da7,0.3495931,0,1,2
37787b96ab21fc226ff267aa26ae58a58b2d20f8,0.45961753,0,1,2
f2f704eabee027175b0c1eaf934c08e7721a9b24,0.54309875,1,1,2
e1fc87d2d57c2d7ee941e651f33b582fb000dd73,0.7170594,1,1,2
fa8f024d082998c7ae48b21f3eb6f8f2ca56a719,0.5195929,1,1,2
6bce493e47fdac9e64a9ae1cb3c358f31975a43a,0.6314961,1,1,2
9daac904cbc627e4a43e72f72159c552b25caf74,0.66015923,1,1,2
658d5a97c708a926b0425585f9437a0c1fc2b81c,0.5790834,1,1,2
db695fe90b181948f271e4970ec83d4de9348577,0.73486817,1,1,2
9c06ff87decab7357d44d8766f6a277ff887d921,0.64061,1,1,2
198d448ceab2bc061d18a1a689056bd2b96b76c5,0.57314306,1,1,2
46b15af8c5fbfb026be350ae16eca89fcdc87aac,0.5565209,1,1,2
b7e86cdd772cc47a031d187b79d075af8155c2e0,0.68768764,1,1,2
198e589e62f687a91d4c27057ebad918e9f9bf3f,0.55301166,1,1,2
fa510146c09a498e25e590ef5cc558074337fc4f,0.60744345,1,1,2
badca06dd1c70207215c7186a31955901b637661,0.53236914,1,1,2
91ac1574aae31a29baf883d2cf45e4e1f5aa9bbf,0.58191246,1,1,2
82ca28e2ec8fe9771f01b5aab3386311ecab80df,0.27744678,0,1,2
9f8120beb6b351608652002e057f97f8f6c0dfc3,0.689801,1,1,2
c66b23747627a2b432e0068561d457cab9f97ead,0.4639083,0,1,2
a6a5e3033d424468cbd3a6af051aabf3b5bd4d00,0.52406186,1,1,2
2902a9a3c07e881dd7aeae0a55189facfab1966c,0.63391924,1,1,2
fe487b3336f8279d8b74eff05c5ebfe6e01281f0,0.4669568,0,1,2
3076802a78f14eb1b4f23831d5a1ccec79b26554,0.486164,0,1,2
5063d256221e7fe8a8c433401bea988d7ccb0a35,0.6475719,1,1,2
a6b9ca3f71d44dbe2562e13d63e4b30fcaccdf50,0.42810196,0,1,2
81fec3193ad12a0f78eb021c4a1548484595860b,0.40903413,0,1,2
902a680951f318488a4bbe0184a3a223c5709b01,0.6031732,1,1,2
b84f786db6d85cbf9973adfccdf135cb71824b87,0.49162126,0,1,2
a2b5c7a9aa0b5f617502bf6003d43913d507a11f,0.62563914,1,1,2
571725cb7bcf091b5457f1e2a857aa51e8a70f7e,0.5867766,1,1,2
10118c9c1b00d31868d6ab43e8171e3c16efdcfc,0.38551396,0,1,2
ee94e6d82370b6b6086cae2693dc2fe31388fb64,0.38729516,0,1,2
dc58a824466ed492fc6d5ab11960eb86584eff26,0.61919045,1,1,2
56c04300e8f05bdaccc2ec60fc751c09d86b7b68,0.27930993,0,0,2
03542311e2a461f0324ec700e98e78b5540bcff8,0.03507318,0,0,2
4746531428aaf9e3ae7d505b5a203350d138ea41,0.3279701,0,0,2
05b14fd01e43ab8a385bcfb53102a270ef2d9375,0.027100544,0,0,2
77868bf772a03d61701bc0d32dfafea63a0382c2,0.046582054,0,0,2
83fcd3e1e220b9f3aacc63aeb4da0a898684dd0b,0.055525377,0,0,2
dcde20001063fc25f622e4b1c7775f735a7255f0,0.16602506,0,0,2
82bd5be8735c01a767fc3ebc3eb92369ac68302d,0.44040477,0,0,2
e1188f368087ba4bcfada44d645e4f8661d7f9b2,0.7436522,1,0,2
2c03505da053d07cd3f729692738912bdfc2a5b7,0.062103413,0,0,2
3fd058c02a1f8881110409be33ad56d3af6386f6,0.4510012,0,0,2
bb3ddfe426cf4ff5390f742d35bdba02a4ce7624,0.11450694,0,0,2
09b1a632c17b34650d2bcf748be14690c9882e52,0.55614513,1,0,2
539e1ee1d68c27defd0aaad09a1a0b68e059de96,0.19841611,0,0,2
da69323b29fe8e373364b9399bc67523dcf2af62,0.32196328,0,0,2
c1ad21bf966d01dc5cceca82f102c0f7843d5617,0.03195781,0,0,2
efa756288e712849c78c4230df05c2d1abeba91e,0.33325824,0,0,2
2f757454dc41f4d130234aea68b348da4f12a0fa,0.056935754,0,0,2
24b5e00be753889e4907473ce57271acb290cb67,0.38213575,0,0,2
7f293a06a0b7ec9b554d51f150991efa9b7dd54e,0.061317887,0,0,2
95a524ea06e546330ec3d95b9c139b7edc599b86,0.046571817,0,0,2
314dfa80d4e815ba3c689cd3ad0d508209665bf6,0.0868683,0,0,2
c07d659cf8f7b16452472da6052a1de326bcb6a4,0.09666202,0,0,2
545536e34f180edd32fbb21b0a5613e6407f0980,0.038417242,0,0,2
225afb8bad88c9bbb70b24d9ac3c28fb21f39465,0.2501801,0,0,2
041e9565ab8b187ad0b88780a5fc0a5ea24f29a1,0.2897724,0,0,2
c4828bfd09ea8c579fa8840cd77733c64b8ebb39,0.38992804,0,0,2
dcaacf4cae54fe199055830f097d4ed504b3238c,0.038365696,0,0,2
6f22f4b49c2a3a59840d28e6cbe0c37a56ab1f90,0.37420264,0,0,2
41fefde64401d2173ff019a896c4dd72b4fa5636,0.5561384,1,0,2
080e96a6cdea2f5fe8727b8249044b89bc54395d,0.15360515,0,0,2
497147e3e6ba0a50c32817e14985ca5bf1041f9d,0.05629539,0,0,2
40708bdf04dae6aa49bf8f3617f2efc16c83c5f8,0.4935795,0,0,2
84ad767a87c69a265e9105c51efdd87ee57b8635,0.6625596,1,0,2
f0e8d41fc8cc746ba9b66b72646db6bd8b25c6fc,0.05824297,0,0,2
df5930892d9c6eda392b96bdae2e7afd342f7866,0.1881679,0,0,2
0cdcb1fd8df9e9185cd3abb128d927d25d7de8b5,0.15779799,0,0,2
cf15c51722dd4b406876dce1ccd52eea787d84b7,0.029380396,0,0,2
b691f81b482175665b45cabc056e58ab0df03ff8,0.48934168,0,0,2
fc8ef4d22c95b13b907ed14b19cea8ff5fd1e653,0.1034556,0,0,2
8054f746bbd6191f5a297cf6f7f26f9fefaba307,0.055138454,0,0,2
fa21d6f7e70f057c42d4af9c40ed47d3d841e5b6,0.1162746,0,0,2
bac647543497f0aa2a9f92fe726e1eb18631b4cc,0.08163342,0,0,2
cc6ace18900eb92606b6a312cb1ac5c4ab5f435e,0.09014065,0,0,2
c947676916c99f2feb5e183aef9629a1b21d863f,0.40759283,0,0,2
1f3dd9ff8a4f8302eb4c0bf4072d2bb7d8aeddd9,0.36280546,0,0,2
ca7f64f016d8354aecd38ef73405e1b3267ca791,0.37025023,0,0,2
06005610265c342b52051b997a43ad6e963c5a0f,0.16186553,0,0,2
4a8068579ea5bf1e637f8bed09a203508abde315,0.40964136,0,0,2
30c217ec400b9175e9490807748ec3e48fe2ba22,0.4545643,0,0,2
d80acb29c04a8e92a3ddbc539b0be8a521098870,0.29892486,0,0,2
e43138b0b5f0912cb358c0e73eb6247b273eba75,0.34663224,0,0,2
1b84f2ee7a41e8ab12faa73130187763ee5858ea,0.4361143,0,0,2
4b5ef21ed6104befc80e1dd501f964e7ca6f1ce6,0.37225345,0,0,2
c6c1971ca1fb5054a0847b0884488165606bd703,0.44905713,0,0,2
68e0a9c71443738b1842e99925d37bf545f5a151,0.045176186,0,0,2
7ebc8107a22038c06c0b0ff095f9f73d854e1422,0.16852343,0,0,2
9003b5b5aa4465e84c934819f45c1ab4365dc51c,0.032648973,0,0,2
4b8647bf6ce2b478e6bc90d0158ce81939a14378,0.43643695,0,0,2
2d1614a2077eab0b981d4a0c4c6e10a7ecda71cf,0.22078928,0,0,2
3631295c437c5b8915afc7b2b259496eb2d5d782,0.039396424,0,0,2
b12610d35e7798c66fc1d9b0811d10aadb87569d,0.5113362,1,0,2
f3a785108f853e327001dcd435e92525d7fba96c,0.04519526,0,0,2
881a4ee8db1e1826b749579d2284ace982c953ca,0.306449,0,0,2
e91d0f0510ee8d69c76ee89b4e57341418866c6b,0.07533034,0,0,2
8f7c59ce888a687a6c9089caf0c5469984a073b4,0.03591177,0,0,2
3c644cf87ec8c0e6313b3a10b6cfd66279b8093f,0.038198743,0,0,2
fb7e1e265dd9e560b3a3127a6593b6602f60026c,0.18390922,0,0,2
1c9c43c1d4bb76d7e47cdfc9c6681a38305a95e4,0.28723758,0,0,2
18f181ada7826542725fa4a9460307d606695b5d,0.07570424,0,0,2
bb7e8951cb6ef08ca9df5fc036217c3a45c4d33c,0.048920404,0,0,2
e280c8636792c5426e54868d464c9d28287a98fb,0.08543466,0,0,2
54a7796ff234a9cbd2c66f8b1e5621f0898402f1,0.26844257,0,0,2
8e5867eda8328e4cb2e103d098d0c9f3c2fab50e,0.056647196,0,0,2
e42da5d9d21438c220768464b6a1f5b36bad92a5,0.2118331,0,0,2
c823ac5673e9da094a3b24b99987a533c548dac4,0.34102014,0,0,2
7573e9eec065ac1ccc2134aa751a191da3ca3dff,0.09256734,0,0,2
1cdc902f3d7cf877b4db7a31f19eb1dfd2fade3e,0.08296536,0,0,2
e9ea52189a92f7e2ab051e4d75c4e0c872034b18,0.037564486,0,0,2
ab0a2f761f4529daa0a1e7128ffb8ae417a0104d,0.04415071,0,0,2
7ebbaea90e8002f5542e22bbe92075ffb5383d2a,0.51884764,1,0,2
721730b00b1dc2ea616a3e7958e4ad15134de975,0.036824495,0,0,2
05aae985d9d0e26cf278cdd6f69672ebe3f8ed92,0.5091509,1,0,2
f7222ca6c3b6c1018a52fd649029394e6608f1db,0.02921979,0,0,2
b285f17023da248bdcb3093283e4b9e930bdd09c,0.21100953,0,0,2
af858a6ca224946195b1923a780678b20cb99603,0.48011085,0,0,2
fa027a4685bacd9e32b3bc7d875717b4457f6829,0.24749525,0,0,2
edf56632b8a5413f5e0adfe2d1b65e595b88a1d0,0.4152041,0,0,2
58693fbcb3236a9adb0f47088d88ee3ef7178cb4,0.27056226,0,0,2
91291520cfd5f6c2c91fc242018860c5d1d277e4,0.03437278,0,0,2
7bbba6995a12412cd7cbe1ca693057c5299ab4cb,0.040885534,0,0,2
ea030e732e3556a2a4fa51bcaabc080927ddfa48,0.06451848,0,0,2
310008f48c0a830138d35b3024106560d55b6bd2,0.28142437,0,0,2
ca22dac3f852c7290f60c3c3a5d66fbecfba91f4,0.3147398,0,0,2
bcba29320f5f6f860335266d6be8249418ceaedb,0.037668157,0,0,2
9dc30fddc109504fc80fb62e33554d54cca47faf,0.037814803,0,0,2
764f56955d499fae11db1aed6e7f0d2d0886e6f9,0.18751389,0,0,2
2933e5773b1d64a9348024b2a6e8dc6dc90e6590,0.19779107,0,0,2
0fa8bcc008b6a011d6fe41e64ea4379d0b57f20b,0.03320445,0,0,2
7897aa6a83a5e63da487e72c2735fb042259f6e4,0.23476955,0,0,2
3b501993588d27d91ad526a436e3a10ecc8d6e8b,0.34469914,0,0,2
b353d07bcca9fb62ac387d69d3e99004e27f14c0,0.042889558,0,0,2
6b43922648fe2dfcb4cb1aaaf5d795f00a6aa174,0.06992023,0,0,2
b268dfbb824ef307862e489aef7e71bba4cdcac5,0.046147004,0,0,2
b957ee1646d893fd946a8b9a53c779957ae7a240,0.043965936,0,0,2
996c0c164a083c3dc2fbf2768750e3b3a81d77e0,0.09087627,0,0,2
12ddf37f23cd77903729b3e611ffae10e96ded47,0.06345821,0,0,2
7e6304ce63da6c6341cb072abfd08caf0456328e,0.028998619,0,0,2
b9b73fbef5c0f18aaef22ef60442518d7f23ec83,0.3398779,0,0,2
675d4c8fc848ec5438e48deb2e8218b6f0078814,0.30777013,0,0,2
dc666f419e691e6a04342bdd9cf2e899455a8738,0.04608149,0,0,2
9bab875f03ffea0aacd1d92fbbecc96d491c1201,0.2669133,0,0,2
8d3d915dbd0ccf716f0d15b6b2396cff214d9cd3,0.19246913,0,0,2
326beb22c6aa872cbc0ad3706cfbe706bf9eab41,0.042013094,0,0,2
ad882055edb50369bd174ae56a372838aa89cdae,0.39987758,0,0,2
a7363a2ae67b585790896de45f57154474480fc9,0.16097982,0,0,2
2bc9e7ea86a8cc1c3b2436c46115c87080228004,0.036430884,0,0,2
76f154179b8dc6940355d7fe7db468314ca39e84,0.056888696,0,0,2
4080feff61e8dc1cd4af2361990c33c9f1014147,0.059811596,0,0,2
97accb47de63ee5063eda23641c6017e29ab81d7,0.4240491,0,0,2
cde43197f980538e411d851735ac7a63ddd613e1,0.10200905,0,0,2
0dec6e76fb544fa3e8bf5fd17f16314735971dd7,0.040641665,0,0,2
f820d06fc0d1204b0cb386214ffeb42ccec669ec,0.05657906,0,0,2
566c4d59a177be4b65d17540576eeb34d28d24ce,0.43380138,0,0,2
a516976947341e0e18bcc0858d85d34cd0c02cdb,0.061906703,0,0,2
7200c43dea3dbfbd9d38b937c44b6e71744b05c5,0.07243921,0,0,2
596ccd59a11ad5e9fda19ccd0f4fc714d8d3394d,0.035074785,0,0,2
301ad592142079d36f4d33f5309c103c7f4f5dfb,0.06448775,0,0,2
f8a8ea748a0b3015490ccecec7b97f0ab2daf9c4,0.4325997,0,0,2
8aec465b44dedb7deacf80111ea5286914093094,0.049833685,0,0,2
34f3f4196084768b2ef6b3db4608d8eccec50364,0.06305083,0,0,2
c53f2106109153eda10c47a6960a5a579d1530b8,0.36410186,0,0,2
17f52a2e559e68d5c6ccc98fcebb5523161fd0ed,0.20802478,0,0,2
fd7a4362caf2cd69368a38f2f71ffe19706e341c,0.072231576,0,0,2
753f278d10fc0c92e912965379401ac182644101,0.3527476,0,0,2
491786ce4182daa57ea61deaf701f756f57f6f1e,0.028206177,0,0,2
de73ad3115c19d5f0771754d233d74055a2a10bc,0.42747435,0,0,2
d5f586bd4e1a20fc09a33aaa5c2b9320f4a2aa72,0.6336207,1,0,2
8d4fd1dabbae4d7ebc2b273af9275ef8bd0e1ce1,0.44920158,0,0,2
6e5eedb3fcebc5894c41733bd26c8b4d9197873b,0.11219968,0,0,2
3b7d0b95466139a147fc504b7c18897dcc826c65,0.32563594,0,0,2
6a82f92584b36e28798479c82c0d3263c6347b90,0.49680135,0,0,2
b8e9475505fee98aae2819c03a33c7aa3db843d3,0.03979452,0,0,2
a14acdf6395f588dda7597bb4c7810dacaa503d2,0.059846833,0,0,2
85a20aad64be04127106f492e26f6ad6d6c228c8,0.55483145,1,0,2
1325e114108136eea3fe77a4a270a2da7eff98e2,0.35415617,0,0,2
bae46709ecb13f80aaad0d279b3618ab83d09275,0.046217058,0,0,2
dc5f850d1d9b0b952b7f0dabd6778cf0f7675cba,0.028176801,0,0,2
b4abfb93676fb0abbab1d9bac40ba2714a3872f5,0.030129911,0,0,2
9a9e7268162f9fed146c74a8acbd234d9bc2ed84,0.02665021,0,0,2
b262c2359c9ed53dae3ce2ce7a0092273f4eec65,0.30338573,0,0,2
c30b59103b6f1390b0040ee74b985248e8b1b849,0.34269124,0,0,2
0f36265123605cac6af05b7b8c8f4036b58f4da4,0.08354464,0,0,2
cb177b56b7664ab323558545737646896f4d7e70,0.038568392,0,0,2
15bdcc3be2b84f68ddcd822da52ef045ed89e57b,0.20195255,0,0,2
6a8ba1fecb47e5ffd5387654d0cdb7c372ccdc9d,0.37912628,0,0,2
75efbfd6b21ab36fdbc440bc001c133f824bdc3e,0.4885971,0,0,2
f7e42d2ccf949a5893a439227c8c6bafd2598f26,0.083304666,0,0,2
c7fcb448c99ae5fe9db9b217bea1233df3ee6e57,0.24601804,0,0,2
d0721feadc1e0cae6efa3e0d82f523debc5b8d97,0.44965014,0,0,2
5f47ad718e0ffcbbe6cd2f8d32b2e345c4af3a48,0.19164096,0,0,2
745d383af12137ccbcbe1f3cb4c9db73f87a66ca,0.28560275,0,0,2
d746a54c2ee50711283bb49e557f58ca491e1bac,0.07503669,0,0,2
a56d4998cf16ff08f5593fb7d4dda66ca05dc269,0.025800008,0,0,2
03e65c98da2a0b2e27b14713543c2a61d56b1237,0.37245095,0,0,2
0d3545e5f68d024cd4a05724a15746d8dad986d2,0.059875246,0,0,2
6b1b592887d9ce95fb5af1e216bff56b18c7902c,0.24416043,0,0,2
ccd0fd51a5712ef1d85110eb61130c906fe4db13,0.25160852,0,0,2
d98897b11e6f4adf1d0a91591b1bb6be501cd29e,0.20098422,0,0,2
4e08e17ec536038c9c0dd888f77b912cae82816c,0.079492524,0,0,2
86eb3a2fa74988e4ccf3aae7f4b77edb84555320,0.040887516,0,0,2
45df5da2640f8f097915b8a2a0249ef0f6cf514e,0.42193803,0,0,2
76b7413d2b1eb2dc22f05de5b76f9519be5142e0,0.07812247,0,0,2
bfb3cf8bba6aab198c4644e236bbc9f3807111d0,0.028865391,0,0,2
093e3bb2e3cd9992f3f0d14373d406bb9b2ed36e,0.13340664,0,0,2
c440f668aca99266b5379235f6d99d378630c938,0.28961384,0,0,2
a1c5a582760c7f65572d0883fbcedc843332d7eb,0.028852932,0,0,2
0a499402d707bc8cf775d7f9b3840780a7401f7d,0.049782123,0,0,2
8e4e5221515f820108f48396a18ceaed73de8dc1,0.05026838,0,0,2
3a4e18ddf151a624eb5c3596ce8400ca4679ef97,0.0407109,0,0,2
8ed40d530295d819e0ca964b2d4542f6ca6a9929,0.048435,0,0,2
a6abb8b00355db97486ab5023305c3f4e9e19ad3,0.4074974,0,0,2
b494caa01985c623601735f1bc10871cfb8aa048,0.03313173,0,0,2
5597ed7ea300ae3d08cd893b0133bce26038a7df,0.06287051,0,0,2
002276ea313fd880122502e9840b43f996acd537,0.2639586,0,0,2
bd5afc0b5a977c168cf046e3244477b48fa72c5d,0.068579555,0,0,2
b313ae68888445f4c08521bbc8d19f39310c6890,0.0452878,0,0,2
a675ca7802065f459a96bdbd593d8dc491180cbf,0.07048569,0,0,2
8be87e032a8c05622148357f30bdca3c614a669f,0.33612758,0,0,2
96eb80efe1da48f37846aa899260aa0c84b15944,0.15782093,0,0,2
75c2b24c681e314c4e4e07243b31430ba4e42723,0.4254472,0,0,2
276e22858cdd56f5725e0c2f7a3522df99967973,0.20411025,0,0,2
471e6b078a7891aea99b77f200e828a7b1c9bc00,0.37613717,0,0,2
6d7ee38ceed6b496d70502e276f80be6de618014,0.4765201,0,0,2
5cfd99f0dcd0d10689e480f0854e859079f125d0,0.22202568,0,0,2
ed6c47dd9ebbb2e38fb3e17a2b961f0fcf0e6df3,0.25128374,0,0,2
1fe7a43505aa9d00bd9dde45aee77935a5147561,0.3917775,0,0,2
387880a630c65b955a3329a2f7b987214c41f6da,0.33289498,0,0,2
cf4416a84203ff9d360d4398da3b166e6d0c72b9,0.58035874,1,0,2
a7fe613853516f0abde34821996a0424882bb919,0.38064614,0,0,2
7a8a7783315917b56b6a71c4f28cec4ed1d91a7f,0.044190478,0,0,2
9c545d44a4a703c88d417a6fa43298a80ee67735,0.41102386,0,0,2
4f73871cf40b6dd05c8872d39246c67f798ed915,0.09791505,0,0,2
41f297809965523fcd021bef20b304b3584d9b4f,0.033710495,0,0,2
03178c8b15f1b522b98ded0f83cfb0e79f5ec4d3,0.29802692,0,0,2
f70741c9b216d3836d047c542847920d4778cf9d,0.32779557,0,0,2
5ca0a1c3564d35293a5ecf03e5f32e6f0f6f445c,0.19592634,0,0,2
4c4b3e2e32ddae35e4c1a6ffce1cd2b2eafa958b,0.06822676,0,0,2
72a46babeb0da02071e47425ebd55da915b98178,0.4597906,0,0,2
9c51e5316babbd370bc32aed0fee134216726ec9,0.18489279,0,0,2
392323e2d44bacdac605c1a4f037f06e21dcc239,0.18647234,0,0,2
10dc13c80752b0489d291b54440212ca54c59fee,0.50094503,1,0,2
7b9df59a96adfce979c8c564dc5eaa6a29b7f25f,0.10803307,0,0,2
818533e92bfb1c142ae4ce5be18ab92d1ae17025,0.04064914,0,0,2
47fa07eade06908ded4206651571e71a2fe684a6,0.046369996,0,0,2
46e97d9e04591e8198ff38bd2949fd5514da0d3e,0.03688797,0,0,2
08cc26e70bf145aca293d55fce12aef835263f53,0.52486306,1,0,2
6c21bdb4a107b49e57c9e5d6598d13ce6f85fc5d,0.5534258,1,0,2
18a027b1f04e420c18ae57aebe8fd031b5ff251c,0.4116662,0,0,2
82b84c0fe9054198099752a66575cec0c47524c8,0.5241892,1,0,2
b10b90b0a3947bea98e3646e7d29f853f3b5c6f7,0.2943301,0,0,2
8c141a1705808491f16a27b53e1ff0db0a2807fd,0.6667924,1,0,2
40f969bc9e162deead55967da3c128e2da933dfc,0.4922222,0,0,2
f348d34fb1ef3c968e2981283618aa85db203901,0.38048905,0,0,2
999761ba1bc5da820a1d2527c4aae29d95a7013a,0.24996346,0,0,2
ce131449a4ca0b06c6bb27ee5d8d6d89b1467bbd,0.44436643,0,0,2
924e1e9064f90d958b4f57e9c9c0c543bd19dcfb,0.41291106,0,0,2
f36090e3141cd3cd6fd58f1f46a30af2582559be,0.37517655,0,0,2
6fe2094e30107512e470571bceac91cbedbd21d0,0.57574797,1,0,2
fb0078159d2463da149de54018fca79a9447153e,0.51091194,1,0,2
73351b6adbf403600521505bef288057beb2bdde,0.49030438,0,0,2
079a07fe18f654632b80b274f247775582261e5a,0.49931702,0,0,2
4158323ee456bd412e7357a4a6bc8bf50deb5d9e,0.40807015,0,0,2
2fd6c8fa1e392f985ee860d8ee154a612ddde569,0.49142236,0,0,2
66d0a9a0a00dbb259425f17745f7dddd7e676f71,0.47633544,0,0,2
e14d9ce8e3c57b7352a647c0a8e62eeb88ebfba4,0.4389101,0,0,2
9e0c5ad4b3148f42f3940faf7d67b305e34bef0d,0.38938904,0,0,2
fa1aa44c7623fb2142e588c59eaf56db7bc237eb,0.3396333,0,0,2
8fdda846c4653b6ccd49c47a9586c374bb20a255,0.61553866,1,0,2
a94ff90ab6cd2d92ccb2eb1fd7913b4e5256f02b,0.20020372,0,0,2
268bcd622685b28c2d50bcbce64ac38f7e90390b,0.5763921,1,0,2
09e31a01b51d7418fa0034ecd4cc11848436fc18,0.5238629,1,0,2
487ac1980148522d628e1d2aab50b107c372798b,0.49286675,0,0,2
34646ec9b52192a71e52ffc09cf7fefdd506c48c,0.46171016,0,0,2
7afc1c34fc16ec04f82105f9106b7d1e5232c4d0,0.33970615,0,0,2
00439211981af7b5baed495f526ef8ad76ee7c5b,0.04438963,0,0,2
1d635088f697178660b6e1c9a89d2b7d3bbe2d29,0.435839,0,0,2
a4a62ed7c1e3c7aae09324f0ad1c6078f0fba471,0.10119531,0,0,2
b3a68ca842841c4b9713462d5f01742cf71a6b4a,0.34702134,0,0,2
2d868410eead061d59de524bada4de9e3d2bb442,0.43596545,0,0,2
813aa11d505b9507b6795d36070806cb2d96e5c2,0.48279175,0,0,2
88b29fa46bcf6f56df4213e1ba7810735a28d755,0.4483583,0,0,2
eca374db08ffbb3dd8de746632fbd74acb8f2c92,0.43603125,0,0,2
2ab17f529d07c1f618ea08d968b2fdf3a382a792,0.4174484,0,0,2
9a87c766bb3137a50656871e5dee5a309543bc7d,0.37332878,0,0,2
9ce4e1a371418e5eacc69227885815f9a4221c65,0.44684505,0,0,2
c7f7da754a911302dcaa6935be6fded84e1ac348,0.57906795,1,0,2
4cbb388ba9099be121f81d75000acc3af93bf993,0.5602723,1,0,2
87497c72460c9c58f829a372d741b386fc2ac8f8,0.030406432,0,0,2
921d0d60d40d8fbda29f14a64e848c70026ea32e,0.51819986,1,0,2
f9e72000a17eb9d524b38a9f2c982c037dd94891,0.035331205,0,0,2
e34f50dd1083fa8ed9fe25fe701b64bd2ea7efc0,0.06850695,0,0,2
581b474f4b194731eb9cb22cdde7330a1ec81c3b,0.12685919,0,0,2
e0d17fed51f5018fc34578699d824c20efc44368,0.040838588,0,0,2
4fc5b3402c58d6a4b317bf23b896ea91d22af6fe,0.40435126,0,0,2
d8e2f892e48423fda73204be3ec239d282e71c65,0.10691919,0,0,2
8d6d088622f8e4ea89e66ccbe097510fb4c932fd,0.035628702,0,0,2
f0943a7242041a16c8f7fca845592e48bb19ac74,0.03248762,0,0,2
d1123894d33922e7c8ca838f9dac9bdceefa3f7a,0.033786487,0,0,2
fb83ba3fdb46537a36832a900f124d4c400f7ed9,0.035470843,0,0,2
e779883b29a67d411493f985de984ffb8088ca05,0.05188418,0,0,2
a71c820baeb91025eaa7f07b172a39500c6f5692,0.30678487,0,0,2
a4eff51bedd73a0ea56afc23b1021187dd03561b,0.060735617,0,0,2
8f6bedeb724fa78583c26423aaece05cfddc04c9,0.062123287,0,0,2
fdc116f0bcda6d1fffbbe505d0687b0406e92fa6,0.050344914,0,0,2
66608db56c41e91ee34fdc1e6157d69b69893fad,0.062314097,0,0,2
5366158572bd88f18df7883ab823ea62b7701d77,0.08155853,0,0,2
2df0a3be66f6fa1067d976d7a05500beff7eda53,0.24753317,0,0,2
e0b2c86c8754312d1e89307fbf84e6efbfa9fe0b,0.041285414,0,0,2
050dfa6f0850174fdf958ce6751d2f06900201f8,0.3711856,0,0,2
7530b4bdceef0ef37af252f0b97978554fb9b99f,0.55252504,1,0,2
a6eda3d8eff423ecb4901aa07339364732c02ddf,0.4076629,0,0,2
a5035d0e1cde068320984d789473e1140adefdc0,0.036274593,0,0,2
dff43a0530a6fbd524e3af24795cf6b92142735c,0.36396694,0,0,2
1d5f8faa87a410fdd1141ad82f270ac238293770,0.09231822,0,0,2
82f4ce516c18ef5fb3096f6a90455fce90a5b290,0.03724638,0,0,2
228b49fe2afea3376c4f30f80bdeb70d083a9206,0.040393874,0,0,2
adfa016f3ef7ff262643e0f0a5a54d3ddb7d7e1d,0.038315754,0,0,2
f72b5e65c0c5210cc0be585959ae84fdbc87aced,0.053936575,0,0,2
26d668f6d5a2f202ef7ff6a73ff3cbd7bbdf4b06,0.30814943,0,0,2
808149305ba26224917e29aa0c0089701bd91936,0.06529702,0,0,2
55fd738c86ea1796d5152d818ab4b5060bb11803,0.47401866,0,0,2
7a8dc00b8be18a9271e2d9c2444ba91077ffafa5,0.43171117,0,0,2
34515698878ff0a4641e72486f0ae8a7e30df0d5,0.3295323,0,0,2
96f2b16b3efb93580e6aeaf1da97d9dffd5e260b,0.5439556,1,0,2
b577805347d56f1927615fad311868a3537a9cb6,0.04915525,0,0,2
e366894658914c0f2fb41cac003392b0dfa6e4b7,0.26041824,0,0,2
3411f29e2377788cdaa5a4eeaddc53355f085a78,0.05508766,0,0,2
880b04814c564ea7a1bb8fe97c15b4735c67e8e9,0.20162617,0,0,2
8ef033be5c92a895139b4f910af5a7048f340cc7,0.34063846,0,0,2
350c477161a0d1df94efa02109ae07e6acbc527e,0.13038974,0,0,2
0880a21c56cec1a2442b5123c3845bfc99e83a7f,0.5949948,1,0,2
84143c462986417ccfc5e8c05481e983cf668e2c,0.056367658,0,0,2
f16d5b1722eb55c2d55eb623999f16799b088b98,0.14660223,0,0,2
ac37165ed7a22cbdeccfe348b10245dc83b414b1,0.2655458,0,0,2
d9ae4e2601d4c0744bbc275b6b4f503477b789ea,0.46657974,0,0,2
7c1a59fa7ab58f5f7cdc124ff2667cc501570a4f,0.097174555,0,0,2
93d35c8f291b8953f8460c0eb02a51cc6d6cac22,0.2784504,0,0,2
b77184a2189c8f91100d148354d1fdf38e83d13f,0.025644254,0,0,2
f81e0465460ff9abd450eda836bbb4f9b13837c7,0.107950866,0,0,2
6fc152e4177e0482450b13eb7fe496de677ce5b6,0.40975326,0,0,2
0c9af5f450ce73da9b791051f861cb9a6420e0f1,0.31324315,0,0,2
11409e628b0461be3c268f81642ce36bc4b0bf84,0.3789977,0,0,2
63a9488f2910434851e98a8fc0ec8c053b24083b,0.43115312,0,0,2
d70736425701b66bd64ad3aab3941bb930a18b66,0.4654093,0,0,2
7331773448c1f2e0b24deae4144db0deec85fc07,0.34983423,0,0,2
11a7e62a898e54d66936d1b8b67cb5e62578ba98,0.32697907,0,0,2
0484bdb3f61d309ff62da4df4be92cf139d19f6b,0.43510294,0,0,2
f9f632e7056cd9d2b3c88bad50fe0597610e2eca,0.436879,0,0,2
a3fae474e5cf5084c89835fce1950991aa678a41,0.41367942,0,0,2
f3108e2771083bfcf02c9c67ebd70a3ac0ddfca8,0.19099675,0,0,2
521b9b3385d73239b96ab209cb34ceb5c1c1400a,0.19179103,0,0,2
d7a1666f9a89d9a517f5fbaf283e711046fd054e,0.19534783,0,0,2
022a020bde5afba4f2e9b6753c199386e79d7825,0.24245036,0,0,2
1b5aef881bb3acdcde5d9fcbb6e43ceed6db145d,0.39988282,0,0,2
0caba0845d4363025e619eb3db6f3138b2c3d394,0.030215062,0,0,2
8e71711c1caaa404d84ec6682f1b7b266064c2e9,0.085696235,0,0,2
363be2fea66f861d7ec4f893a05901fa0c7ecf92,0.25279027,0,0,2
412a8a0ba61c84d71c0cc740ba7e50c10f3bf9ae,0.33374906,0,1,2
03380256795725c7d17db97d882a4c4da3b76b8d,0.5563077,1,1,2
653b46857a4a48252bfb094e39ee9937b2079fa2,0.41775358,0,1,2
748cb609306ee5a046a952a0ca13974ef0b6e770,0.7221922,1,1,2
0f9ce497b0c6841e3aca845336ad095012c41da7,0.52109075,1,1,2
36ee52223387eed452c266490a25b4c62f49abc0,0.35686606,0,0,2
a8c6d43b5a61d8da784f0ac188d40b88a15dad50,0.06597336,0,0,2
8fe2360920a8228c10cd59ba0978df701174c961,0.41948652,0,0,2
a3677db89ef3863e8ac7cf578df499f85d970b76,0.58735126,1,0,2
64c51505a82baf8260a34c7e83652ae3014009e4,0.02889939,0,0,2
ccba0cfc3f1b81dbaffa5153aeb84d48cd7630ff,0.26091698,0,0,2
e7c42ed0fb83faa2b57184cb72f6d9e8b621ccd5,0.5025563,1,0,2
633de29fedf11544f2c3d5052890cb014e612bd5,0.3723056,0,0,2
362ab2bc41697980391c4a61c23cb3ef6bce740c,0.36893365,0,0,2
fc9d93db68a3c33e5ead8c7ecb187fdf0f06cc4f,0.21220103,0,0,2
66a775c9feb7dcf00c28a16b7a365af4372886f8,0.5987087,1,0,2
a6a48cfd370b226955a531e678016db414ebeed9,0.5538838,1,0,2
dccc1255413adc1a212dbe3bf40accb70ccd44ef,0.1979973,0,0,2
83b70a377f79ba90f846b3a720e6c402c63bccc5,0.05955703,0,0,2
819318486d9cfb430749ee33d3c5c4ec4417babc,0.45627704,0,0,2
827d9644c864336fa84f15744375ba7412da047c,0.540782,1,0,2
af6bbeefbf197f50d194c7f20419c2a4590ad630,0.5558243,1,0,2
ae8f5f04574be75727f5e948e04bc649cbdbbb3b,0.33804554,0,0,2
b9cd3558133ae9f26aec73e0bda3a8f635d137f7,0.32390323,0,0,2
f672e826f51824582273fa1f5b6ec37aa5fdb2fd,0.37706172,0,0,2
72df12fb2ba453afb57cf185d25c502d4daec6d1,0.34885117,0,0,2
7b42d43fa0827557f51cb4111c89fb2a78512c68,0.09625783,0,0,2
af1b5872ab8355acea3197522ddf94972b3c8386,0.57554746,1,0,2
5c753a87c328678f16bf89e0178448f04194f0b4,0.34119016,0,0,2
0956e2d2338531a96f2ff7d4ab405acc1b18421e,0.40426332,0,0,2
6563275706015b000cc5bf14be7fa9322964bf49,0.040223535,0,0,2
e9e76131f35c112046b9f184816683beab605e9c,0.15326828,0,0,2
843267df5a0b44145d5b9ee9153d17aa5e15cce1,0.6234712,1,0,2
cd64fa339a97300c64dfc434483e478a58f507a8,0.04446113,0,0,2
b0b23c179ac55334f760aa29fce262c73a909268,0.0753979,0,0,2
dff1a0953d97d46290750a46d01be1e1519ae698,0.50747174,1,0,2
35e0ba449325e759e04203fcaa71920cf473baef,0.25299576,0,0,2
e508ad09d79302d3cc6b86077d4a6ddb0679a0f5,0.035548303,0,0,2
a27ca511a591caf813c26862a888e90e54af19a9,0.3821878,0,0,2
9be91f380c209f895da36d13c40b99687bb4c8c1,0.25496748,0,0,2
09c55eb8120da36aef1807628f87bde83749428b,0.29283288,0,0,2
05edf06360cc8a1a61fbd1ce5f9abf5d83f9d3f9,0.04624867,0,0,2
9df5e9419d83c11b4a2c3421c5ff7ea1f544366b,0.17517333,0,0,2
ed1ce82d822ffe185875b7b7d38352f20171c096,0.078099035,0,0,2
10e38114032cb4c585b29e946e1d70e05d52a878,0.31488046,0,0,2
d71ead41fb685431dad02d4bb7cb5675e196b8f2,0.0864227,0,0,2
e7b4025ee0b6152f9bbf7a72a317f977402a27f7,0.57999593,1,0,2
0f3648f749b7b67c2c61282297569657ea6220dd,0.38739228,0,0,2
bf915848967a6e35839e5565e98c716079980e18,0.59306014,1,0,2
7f74708201c2ab9f5d1f83c7052487116b8f7114,0.6873634,1,0,2
97dc91d1545a667b4021b6507d927799e53964da,0.36613104,0,0,2
d9979fa97865b7a57b9da975efb6e6c4d80b0cc8,0.4270465,0,0,2
6f27b4ae8f8ecb62698e760ab7df3973874b1f51,0.033605833,0,0,2
67ef6efb61f3c07e1359e083bbac5d90953cfe43,0.05750427,0,0,2
1b53f09c3a9dcd64dd281c1955b062fc28999366,0.20293514,0,0,2
34adc606601cb578486d4a019b4655c5aff607b5,0.52091587,1,0,2
b05bd69cdd841c02a3b645568ee5478fdbfc07d1,0.49966922,0,0,2
e1f30a1c32eb292e51db274adbe2fd6ed09b555b,0.4047295,0,0,2
bd82fe9fc034e7921eb589420bb4b86dc767a11e,0.2200994,0,0,2
13e0ba5aff3fe14eb0e1d748cad4b9f99e681ca0,0.64831126,1,0,2
3b7deb943877b0c2d8627531959948c5d1e4d3ef,0.49050456,0,0,2
b657c914c0005b37e24c1cd74c5f4ce886147606,0.42384788,0,1,2
a61fde99657c1b9d11e8eaa682181ea59e65814b,0.32268128,0,1,2
29c067466ed78c3e7948fcb8f0d25b3d984a1a93,0.10580412,0,0,2
fd86d06ec5d3b009f3882dda7903e9913858ee14,0.045376875,0,0,2
a43b8d68b8b7e6d7f23977a7432880290e6c6933,0.4752636,0,0,2
31e4a6df19cf4a13f8f0e9048198ce7488ad2614,0.0822711,0,0,2
3c0c9d83e27e436f9d3646f177bcb0ac2fecbeab,0.44897878,0,0,2
db7a08583a5ebfab310efde6d0636f2e2fc108ad,0.27318427,0,0,2
015e3cd37d128e4ade9b2d49f74f3b4fc07d82f1,0.028138952,0,0,2
8dba68a38c8bdae91c15e4eab35cd83c427d8e71,0.032109864,0,0,2
bd15dc78c74bd9eede3419b70469511f196a3716,0.02527104,0,0,2
c3ff46e30397bc0355584c593d500d2564c1c515,0.4578852,0,0,2
b2d4b2ac3a738d97e23e53cd459d9c57ee8827c5,0.20460093,0,0,2
3e24c28e68e617735b25791b0bc3f67f31624ebf,0.085841045,0,0,2
b1a8299ad223c3b2552f6d03e51c2ecba5df46ed,0.029254267,0,0,2
4e931386569c0a28b7e47c52d199aa32b6ca32fe,0.036169637,0,0,2
ed98d264cff306f7326db096cddf65cb26ff5498,0.025931539,0,0,2
1f07a0bf70049cb0a2f6b52ea7c261da5adb1abb,0.030251209,0,0,2
60bcdd450d6950da981d70b8b08379bdd744c82d,0.026654592,0,0,2
74133837585f81d1c6434ce32f73fc8694d5f132,0.03280532,0,0,2
0e9f604e87a5b42b27abc13a9328846cadd640f4,0.026461976,0,0,2
53a0a9ff85666348a38054e335f5b4c5355a6419,0.029358052,0,0,2
73f3e2b3d6b3f4a7000187bb3e6a4d82b118d3b9,0.026054574,0,0,2
b295635a87da0c20e5e2495103d4877ef0187d4d,0.033419184,0,0,2
8f88dcfc902b5bc86a239756afffc9f3813d245e,0.025485942,0,0,2
815b269deec60ec69f4e5e5d555afe9b98c18cb9,0.026281206,0,0,2
2b0658c59d6285547a5c6de7ac71c7cb134ce975,0.027089886,0,0,2
364232f781d0cc91cd4b83012e1f49e62fa81190,0.031663,0,0,2
e972869486f85c3424875a443eb04bda2eeb6bd3,0.032570597,0,0,2
780b2281d86cf89cf5dd717c1cf54bbd48783654,0.026654888,0,0,2
06c27b37ccbde70514e035a50ba0a6ee1ff94ea3,0.027327452,0,0,2
1d1c41945a50a740519131bfff4e1875de69dd6b,0.024263574,0,0,2
71e40d0b30fbef976da3595fef8736a4e1245466,0.598998,1,1,2
f781fcaf0f19766f7c9105911613f86d22b2091a,0.3413468,0,1,2
cb8cf1574f99fc51c9e67b9456ea4d494fd4cf29,0.39730203,0,1,2
c63413182017e069393963d07570ec69f373ee1b,0.51149845,1,1,2
8bba18089a1acf29f9d2433efc229d5c851f42b1,0.38597807,0,1,2
f295b186fd8f6c619d34a8c69c6a1307f2276779,0.6372847,1,1,2
02c7974c113cc2a51d6741491080058470265899,0.38175306,0,1,2
027c193cf1c012cd5bae06446496136a582c180c,0.31048304,0,1,2
4a10030ee78ea8da944f6d52e3c671799d73b5d2,0.38334793,0,1,2
5166f3dd04980177e46293408d998087040d4c19,0.4715221,0,1,2
d37041ca62ea9eab6e777bffc15ddab49941217a,0.50302154,1,1,2
53e5e3fa8531bbb4d70523197215fd19b89c1a76,0.48059848,0,1,2
62e6242804e4167f5c476ae34acc784009a1af0f,0.46280974,0,1,2
324e8b4d43f0260b4857dafef46e8c5f349f633c,0.5191497,1,1,2
9fbc2a346b86872c397ff891d379115abe5846cf,0.37977174,0,1,2
c5a15b2b66b6b4f018589d8f60cc7acc71861822,0.5388485,1,1,2
ebf108170e9a6215176174d84313a0564ddde0c4,0.54560316,1,1,2
f1984c42b64788a0737c3bd43e4da95e015c19e8,0.5255216,1,1,2
904b790c41d6ec4629921befd1c5286e482fde57,0.53137183,1,1,2
c2abe862ecb7f980260a7b44d907fa116a6bbab9,0.38393468,0,1,2
19a56adb00295d528015045cacd443ff10f7bcb2,0.4525463,0,1,2
e2ea5359798ce8dc77d4b23b0f9b4df33b37f940,0.37517616,0,1,2
ce4385a413dc822f8849678608d0bbac2defbb81,0.5490907,1,0,2
c11215195bed3261d88486d0ad1644080afbb97b,0.50159323,1,0,2
7048667393bc4290f381312243d13688407b9350,0.30779967,0,0,2
b188b5ccc0f1f8702313eab62a5dcc164f817200,0.122759275,0,0,2
4efd950d4dd822f3e087db9830d09cfb3fdcb541,0.44084784,0,0,2
cff6e00097bf7dd97a5404080df3bf7e95813a1d,0.18325955,0,0,2
27214015c725619e0098e227fd29816d0891d4c5,0.28012225,0,0,2
f8fbfc9fdca4b5e9ba1a5608ca17e7b6feb18c3c,0.40908638,0,0,2
0733d7c2ba214415a8d2e4efba5c6e26b61d3291,0.03657235,0,0,2
d8cdd5eeffe9b63949129d09f6b0c7ad2d517e90,0.37993923,0,0,2
e2cf4811ba485b0bb29d7d80bc853666bfbfa958,0.30736393,0,0,2
580e0d1e26ab2a9275f01506f3af56fe8fc32988,0.44755837,0,0,2
3ba27e9f4a29be1922b3a19f9c6c5127f93027ab,0.23802195,0,0,2
8fb1341ad7c460286211f4f2a6be41bb5782653f,0.22961542,0,0,2
041507d3aaf718ae536f9ab66e4eeb4065cb339d,0.3164249,0,0,2
735b1b59862dc1b5f7e60549aa7c33dbcc4095b2,0.35205826,0,0,2
60595251eec5979e14540c6d00043e24905a7404,0.09981229,0,0,2
980366284db98e0515dc5e827aaf4f750699bc80,0.19011235,0,0,2
6c2dbf2885fb4602b8e42bd208ebef66df23329b,0.38744533,0,0,2
cb6ee2cbdeadad5d277a6e7293d88bb915090c4f,0.4084688,0,0,2
a00624cf27791193be74a610723a9a0b0980d23f,0.37856618,0,0,2
911d59f46d0dce2e07a93dc0ff705154f568b7ba,0.02980415,0,0,2
1aa543286acbcb3c23aebaba003fa024a54aabb2,0.46929476,0,0,2
f418eed3089d74caa11affaf947a40b774e9c8cb,0.039236713,0,0,2
a13691b5be40d31099d39f7c8f3ee9970ebc20fa,0.30681378,0,0,2
3e8b8aa06bb7742cd1643fad72d7739cda400010,0.4421604,0,0,2
a1db4c96f62eef05fff532b59300edeff3ef21f5,0.28005022,0,0,2
5321c7ff2ed082524bc319e44f0aedf7ed8960cf,0.4068129,0,0,2
9be73347bd09934dd0c99d32bce9c4e12fccf6ce,0.4720427,0,0,2
4362e02ed0404d12ca75ee3476d4a32f9f671811,0.36700517,0,0,2
d3f0ee5e0928122b41ee25e2b4ab09bdca5bd00e,0.040359784,0,0,2
f82b5b57840389fcfdc4f16cb75703361d6ea059,0.304659,0,0,2
51d564f738b20621e4e14649bc1b15c929668e1a,0.40454304,0,0,2
5bd82306a8e44e2b9ff098f29ebf4c69c195b9ad,0.5264048,1,0,2
9959b3c5a777845aa19040a5a761814e483a6483,0.2732067,0,0,2
a0611b06f05e3c37c622f48a783836f89247c237,0.2534784,0,0,2
f02f2e54ac7d88a6b7ee620e45e1bba878c63a56,0.4429848,0,0,2
98d6d15235e046762f3b09294e896994f616627c,0.46942922,0,0,2
fca0e6ecf6012ee47fbc92fef4533320c1e3d849,0.055837244,0,0,2
db642a3c3ad93606d27d6e277b529da3a50057e6,0.06287518,0,0,2
1929834c27a931ab505f7a389d38fafd10331d8b,0.39014181,0,0,2
a5cb9a4b4a196bd2048cd21ed2fef175bc1181cf,0.23742804,0,0,2
c2f1b685abecfc11de76ffd0a28771f41b566782,0.45184076,0,0,2
30b6759387b4402987f6f4a6100fdc78e8bf755f,0.4886243,0,0,2
50b126dc0eb075a2193b670eb7ae2089896ba283,0.55794096,1,0,2
6b08874607dd51c9d8f600a96650a330cd9e6b95,0.44898012,0,0,2
c9685cd5e462926aa401fca7321ea23927492006,0.39084858,0,0,2
ce8d0f7a47f7caba8ab937389c59b68b20f6994a,0.5278827,1,0,2
98b8758e761caf659608f48fc5c9e9056f911050,0.14169419,0,0,2
95b2fe97c7f191e43b7fe11e8e027d87eb47f15e,0.07619092,0,0,2
79237dcd2bf537d56ff8d73f897cd639af7bf8f7,0.08967162,0,0,2
181affd5c937755f54ff31ef056a6ec091e95f51,0.103867784,0,0,2
c334a1bca8338c92e76f0f1cf2ef4884e3eb5dbd,0.06430089,0,0,2
efa48b214d30537bb184884ea30ce817bb350153,0.5010112,1,0,2
b45c4bdb496381b5f90df6872edca12e0a2e68ca,0.45522264,0,0,2
f8489499aa6d460a7548b14d516638b0bd7b862b,0.04026006,0,0,2
76a2ac814caa194c46be1cf7a3f5dc129546b1c1,0.23859663,0,0,2
31fb4dfef212791f86f052ce8a3adeabaf830cf2,0.12948458,0,0,2
ccfca8f714055cd9fbd00cf7e847b880132cae69,0.042259805,0,0,2
a29815abf4f0e51b332a8af1b83ad344104c14d9,0.033638507,0,0,2
92e6d716069686583b852a6dcf12af986d6dc694,0.070360765,0,0,2
d105819a0e72765ff5ba4efa5622d727360ee2b8,0.024729302,0,0,2
3aa6f11785a2f1b3b09df328a02a2c28dfa0bb57,0.079700924,0,0,2
b7a82a918f0a595a96047f7eef2672fd95d5626c,0.4816856,0,0,2
52f3240d90f2397cd1850ab11674ba08a0ecb2a0,0.4491583,0,0,2
d70fdbc40195077057a1edb14ccd16a26435d007,0.40563956,0,0,2
0751f97bf6677c3d55aa71542d572dc8fcb9e79a,0.45326433,0,0,2
e505e1fea57e0ab9f1d5edab92546d778a5f41e0,0.4475618,0,0,2
b4380f20059dc9e4ccfe2b709587e8069ac0fa34,0.40799218,0,0,2
32a9c6d42a3a48314d3f9fe2956bfc8bf49ac5d5,0.46500096,0,0,2
80417356f04c5ee1cd6f636e9b043db3f2de24f2,0.30935302,0,0,2
f48bca0510703b0673709b10a806a9d54894a999,0.49605727,0,0,2
f1b54876ab8893a5d9c0e3d7c1a9c884e683dc8a,0.46049753,0,0,2
c82f703768eb8a122546de23e412a037aa1770b2,0.30965224,0,0,2
36a02dc549f32433d7329444455dbb1be2e67f20,0.0426829,0,0,2
fa8957d7939b59e8d391fa17000b34e865de015d,0.5700153,1,0,2
5acc6a5502bffaa66be7e859849856de0ea27acb,0.5179572,1,0,2
b58789c5badc4f9680ec5724568af05a84670e22,0.3505374,0,0,2
9ee3a16179cb65f5fe4170257ab7cde558f1dbeb,0.4042706,0,0,2
4ed0bdf1c73fd82d3080d15085675de96d5be0aa,0.12565817,0,0,2
4950ad86a16e63fa26d51cd709e39666008c5fbc,0.036416795,0,0,2
b61362933f7a564d2ae0b7d6b9723f79f4948769,0.03371144,0,0,2
f28aa71041181867a720134e26b64b03cbccb6ec,0.3417921,0,0,2
720b988fd8d7a50fbe922e6c73a3681b1c566331,0.39950365,0,0,2
9d744f7136f23da9a5f9324432b300b5a68e3b39,0.32336533,0,0,2
98f54c158acb12a26fa6f335b1665accd2aed347,0.3384255,0,0,2
22c6d087012fd55bc65e578a27f2edb66f4d3808,0.39639798,0,0,2
890b387d713d04c22406db6d5a5fc9b51bec2df5,0.2793322,0,0,2
c7d56cffbb4668d0955ef00196e08f42f2efe363,0.3213987,0,0,2
7680fae14c9f544d0585a7b150004a1e48fff53a,0.26957434,0,0,2
136c5ffe80e558a87cde01baebf823b06e3cbe75,0.2831048,0,0,2
8769d0f2cc4b7555dc025b7c0e49a81346a1e2dd,0.028242085,0,0,2
4b5cda5a2c6ca613db5129d50ffffce2604ad9eb,0.25151893,0,0,2
2e62764c0c386632e87ee8d12d0505848df1015e,0.43524364,0,0,2
4590f14e97beb6d10ffb7b5dd312c632af155ed3,0.5092922,1,0,2
079bcd0339f30343c01c5fd3d5521be4b822d30f,0.39190802,0,0,2
29283b775291bf03cd9a7e1aaa496faaa5757578,0.15683113,0,0,2
89321a2dee438328e75a11954e972175c78f0a2a,0.17561623,0,0,2
1f3e72fa069536ae20f37b29575288ff65e66803,0.20409171,0,0,2
c7720ca4c232d317cfc800a04eda4a1d5a44a944,0.049582552,0,0,2
a747456bfe077da467ff036172968a37f3b1e893,0.37287396,0,0,2
2f2c8b1cc6e6e731f7bc52b0988ea8316f475004,0.41039643,0,0,2
013b445ede8d9e7aad4915859d0c869b9b712f8d,0.4208891,0,0,2
f4e754e66e3661274df624bc328991cd88dd03d6,0.025435274,0,0,2
741944332d5bd90112b610a8b5f2eeefe51e08bc,0.046546288,0,0,2
4c7d7523088373be3c7ff203ea895d5a6d84083e,0.080832005,0,0,2
f79c9365d0ee89cb407b90cc084eece8fcf9a8a2,0.19145001,0,0,2
8714dd031647be34d0d27f461894e7b194f25cd7,0.30615604,0,0,2
83406b73e70a251eec5daae34f1bd8d554cdddec,0.3966705,0,0,2
2f956f46580e5b4752173e885d37a20fe31a78d8,0.055071343,0,0,2
3f36b7b50bdda3eeca632ad5440bb82b8e34cb40,0.42687047,0,0,2
9962a0fd02fe2ef06765271605b06729af8b2e59,0.23102903,0,0,2
5294c64b342818e021800b38413f36f426e35b3c,0.67523074,1,0,2
5a45ae3b1deb5117cb9e9a13141eeab1e9ad3d71,0.3412525,0,0,2
efafa61992658eab64c893e9eef49f545d75673c,0.3710942,0,0,2
630830476a6270e317e84229996a6bf92bd903ca,0.3055084,0,0,2
14097c64d243794610788d3ebb2e81ba8fd867c0,0.29698816,0,0,2
f2615d9a611db401cdedc022112c87ad938b5680,0.3506751,0,0,2
a24d624aaabc14a455d18450d9127f88d1b4f8be,0.3286796,0,0,2
49169033546d893dae3db903a2fa6af712f125c0,0.39539245,0,0,2
fa7588c4c0f8d403e4815fa72e3b8a3bc98d73ec,0.47464243,0,0,2
367fe13b46a0b4dda56b7f12273d6c9afb1da23f,0.23756434,0,0,2
368588b5c5c4140f39ea8b9a8ceb3d1af0708804,0.30962637,0,0,2
30ee10d2740fe1f28595989c6b21f22b75a147fc,0.28870916,0,0,2
af9fd052d1c208f191fbdf85873f965552465598,0.4688302,0,0,2
0a711ebcec7d32b66ab3c90b2a1f48681201e557,0.03869201,0,0,2
a4acf53336a482f50335d33b4f650a70c9243b7b,0.28306845,0,0,2
c26fa78817f30cc3eb91165b783e07fb80d80f59,0.47321904,0,0,2
944291b748bcfec4e2f3c17623884db7a17b9f21,0.42673033,0,0,2
c44f982e89b63a97190638cd12bd8bee2bafb883,0.35034615,0,0,2
fb46b941f7763314d667c437c06b1675e61c3d38,0.41375345,0,0,2
e9928c94ce1385ec72028336417f19f30ac38ac0,0.052520476,0,0,2
d4021487539b0f7758ec644f2e0d83df95c66bba,0.3478247,0,0,2
ac62c1c29f319a97a2552c39f32c8e6acd70c9e1,0.47137645,0,0,2
dc08bb8ea6cdf01188f6699559e779e6cc296287,0.41951457,0,0,2
82b8ecc3275d7c3578a6531ac3f1da3ffada9dcc,0.040934704,0,0,2
36ce032b612fc0a1156d28bca7327e06337c8815,0.4400505,0,0,2
2f22533ef41533e2b839a6b41b262dca59e6dbf9,0.3067935,0,0,2
39a3cd0f4210dbec1ae8ef39a87d34b76eac91a3,0.4730046,0,0,2
1f470253c46471033048383c027192e757480492,0.389073,0,0,2
9c40a7bb3c9aca51d17490960c988dfb7b5acebb,0.43424502,0,0,2
7f8e952abc4d2fc4b96c97a51aa25fcf6ed8af02,0.32024762,0,0,2
bd0b5af025fab9cad8f94260138741c252f45fc8,0.5146335,1,0,2
e036d60d8a210d5ac28b2e5c51a45ceb82b58f09,0.40086675,0,0,2
626014eaf093fc2e3b53f5ad00c425bc209e1428,0.38810772,0,0,2
5c85b8dda5f3047732a17b818256b9289274d071,0.45349523,0,0,2
ea402becca436dc1a8e47ac9385a3db475b49355,0.344439,0,0,2
255f10834a67cf13518316de0e2c8a345677ebbf,0.35299313,0,0,2
044de16c14076019f87763b7b58c45664ee57c11,0.45277894,0,0,2
e54ca615f213f5db6d34d9163c97eec98920d7a7,0.6167295,1,0,2
07a42d3ffd034e467e49b5c449d4f5f81c471cc5,0.24110588,0,0,2
e6da0f682436e1387ad68e86edf7418c0f7cb368,0.03166873,0,0,2
59ec4f018963eb55e32fafc2b924826c39c09682,0.41698453,0,0,2
ece4b70cce24b89483236b4cff079c10597d680a,0.2534558,0,0,2
09d28fe7995db1a4da2c651d362007d2082c663c,0.338834,0,0,2
98c27699cbcf65c3d9d655ecbcd67adcd8b45b05,0.40661988,0,0,2
71cff7c5940b7101ff098601850d46b7a4698180,0.3253823,0,0,2
89e0607cf6470dda1a6a47b46abf37468df4e50f,0.43024036,0,0,2
6fb60857be1fed21bdacc4ce830bbf99103b6fdd,0.58320665,1,0,2
3634821fa515365618209f0452443728e7290fca,0.39537126,0,0,2
2fd62ee4d524c270764e9b91dca72e5cf1a005b7,0.33036792,0,0,2
a703ee75c40e0207f6831c4d48e1c7e62f160305,0.43599334,0,0,2
fd7cfed070c2aab60521afb7dcc633a0b7abea80,0.4005898,0,0,2
1de41ef4baeee1c95e245837299f8be265294445,0.031661447,0,0,2
9491d7a61681f7acc7103a6d1d45efe96f7981d2,0.042535104,0,0,2
2d3203b10cc8edf71a6e3e0822f0d742c9516aa3,0.083042845,0,0,2
d55a572e5867832f6d5755fcd46101da51a38aa4,0.3950775,0,0,2
170cfa758547b4d9be50058ad93cf60ce0da5564,0.40748313,0,0,2
3783ca4476fec8186c867e4e57084e649c318c6b,0.42147914,0,0,2
4d996d1bac1bb1886cd9c473ba00e53e3c19cf3e,0.2973841,0,0,2
445cb9dc2f07553f8e1e5f7c1150f00fbb05c63f,0.2744744,0,0,2
ad80bfe559e7380fedd7998daea5f27393ab643b,0.34372115,0,0,2
3d2d4fd1588c8eb3f67f34d75b66967d0c7b06b6,0.31575042,0,0,2
d54fad867da7f762ac4c0d947adffdc1f8f356f1,0.23887104,0,0,2
12bbaf3550d56bc945b50f538b5f18af93bd316a,0.19813184,0,0,2
150c578edb161bdb2e8c039f0914984f570ef8f0,0.33022475,0,0,2
af977adc43a071a09652fea4ce3deba2d5b8d171,0.4038644,0,0,2
e021734b62ea5ac273e516b4ac83727cbb99ec08,0.29766786,0,0,2
b635beb6efc07a97c143775c78a32d42b3b73c8e,0.30547637,0,0,2
3fd2492fcce073f0c36e4d7e23e34881557e6e5e,0.28094658,0,0,2
a918c493296c88da94b36600213c7c188f2589b4,0.4545006,0,0,2
9181e1d536bafedcb3587ca30e5b6e2d66f06bf0,0.61808056,1,0,2
cc8bdf1d13639d12d02170d40cc4890180bbabc5,0.4215198,0,0,2
33ee5497490cbc97f3eabe9ef7a6391e4dbee8bc,0.28825545,0,0,2
dc61e510126aaa1a95a46fe39bf1529f394147e9,0.032533977,0,0,2
d320a457a9de67be25a03f79e1695d549a0145f3,0.0382789,0,0,2
94ae6c84d22ed33e158b3cc822ca4a0484c829c9,0.21096724,0,0,2
e9e36cdc44a68662885e35773187cca00d20239e,0.33020678,0,0,2
7d4041d827aed7d9f3eb14310b824a2faa96b8b4,0.1717242,0,0,2
6f5f99440e7117ee3bb6407e06745fff14bb2a4d,0.4020058,0,0,2
3eb4be60cf00c20e46b75fb72366dd0649700c2f,0.38145527,0,0,2
edbd9842cfca892b10c2e9c8da0384fe005cd67a,0.36914787,0,1,2
bc8e23808b9d8d0c9b67270ef35d04ebd9d89cc8,0.5489446,1,1,2
635e41ea181c5fee8860a7044c84ae3557b51189,0.45160508,0,1,2
c4ddbe6456c9631c301171098a8ac016eb4e582c,0.35811168,0,0,2
63f1d6b83bc10a2880f5ec17a172fab284d2eff5,0.07094914,0,0,2
10e18ae9b47dfe04573884739823d64825105694,0.04101211,0,0,2
d3252a5ca5571e0a97e9a31966ec6b847a3a8574,0.35974738,0,0,2
86c76dd5ea04d1881a52d79113d6dbb1d57c38a6,0.044186134,0,0,2
73a8fba6fb23af45ee77f52f33bb8d791a9caa05,0.05174047,0,0,2
e8db7237a9c347d2225fce9b49ff92bb741adffa,0.35454264,0,0,2
7af67bdd16a4f103bbe6334c5a865436c900adfe,0.30817148,0,0,2
71d7c3264239c55b6e2daf89c44c5685085f26dd,0.066924386,0,0,2
958029bdd45c3e341eb146031ed38b4487d7b0b7,0.053869396,0,0,2
5556026ed1dc17e70946a4a030842ade3a33baeb,0.4606605,0,0,2
3c92830ec51fb6b6e9a7ca2fb8fda324cd33e48a,0.04873899,0,0,2
0fe9685c8a78ba2d780a3ec1e1a323990dc6d218,0.13792443,0,0,2
bd7788b384a87024ddd6bbe6a9bd9a167cf2ec12,0.05642031,0,0,2
dfecbe970917754511a081f8b86efac211e624f6,0.045154832,0,0,2
ef51b068aef14fa347710497cfb67aa9c6e65c0d,0.27442276,0,0,2
173c162a45b4be6fcbf7a30c44d1953062a25086,0.04656261,0,0,2
c4c03a33c8b8b94eaf75d368473bdd10a21cd0df,0.41048065,0,0,2
2fefdc7dc3c9afbbe534ff69db5a754be0716b11,0.050587405,0,0,2
f525bc3ccd9cfb69603bd9778998263a458415d0,0.2134536,0,0,2
9072a7615a54d5e753cf088326d9e14f1a5a6751,0.19161321,0,0,2
11491d355da8a851d6badb6348b10d8c4acc9d8e,0.27107236,0,0,2
2bc2ffde1f4752e7a8c7ea0a51c559faae194786,0.351762,0,0,2
35f1cc00274122c0274b522d0b544a06faaba931,0.073856845,0,0,2
98817e88f04cc6757c42ae52d653b63cb85af486,0.37555063,0,0,2
83775c432382b9c0367362491d0dc515bf0e131c,0.046554722,0,0,2
a498b87dbcaa0a61c6088d7156258a3cb06638cb,0.3902229,0,0,2
34558845e3777afdc1bf90ebbcb2017ca17aea86,0.6389335,1,0,2
59985b43f0868d9a4a588d9ca1debd03108f8cd9,0.5099097,1,0,2
8ea1aa1e7cc427c28a89878fd2dfcb110c992b20,0.037421472,0,0,2
d4c7f63054e584b69024664bc2f221faf9863519,0.052302755,0,0,2
20c733229df741e57b8ac205788ece2d563b2f3d,0.25088844,0,0,2
3051264e1bc1d41a29c9dae7935c090568f64af4,0.28641057,0,0,2
db0f2304bd7c3ced65cbdfe9e17e80fe0774c13c,0.25911897,0,0,2
2f67045b9647de10ea5d01d8d1e98ac7de3e1cfb,0.1357964,0,0,2
7ef106b23772995e4307f84afd1bee4e2337ce0c,0.23168823,0,0,2
71f6746f81bb9650f6f228ea204d85ba2c5b7392,0.3000765,0,0,2
2ed96f00f724c3331d6b56b6b5650b9632f43954,0.31906176,0,0,2
3720683699bb830a4aae6fb66a78ce7079ad2c56,0.16236271,0,0,2
df37e605fe4b027406bd9dd85b320526ab12a122,0.02863141,0,0,2
4ad74f449258781e9df189413423ffd6ad95c526,0.32920265,0,0,2
d81ea83a0eb1761bb4e90a91f3b70f23f88a7d2a,0.2914303,0,0,2
e2c0ea4374c02539ad9bc6c4328b74f25eb72405,0.22854072,0,0,2
cf42ae522e12e9b412e1a1f008ea73cfd86a5979,0.25319648,0,0,2
fb7335ab163588fe6ee67ef26d3b3edad5cf4bd5,0.21053497,0,0,2
e580d35e1a07431109a5835411142bd1c1c2b3b7,0.043883808,0,0,2
ea60fbe0633082a131bbb18de94fa60a04eddcc4,0.041605093,0,0,2
90e31fd93fdcaedadcd4b030fbc20f7375672def,0.031008353,0,0,2
52adf52e4669b54399fa50f2624826c06a19cb7e,0.041728124,0,0,2
71e515ab6d2007d34d96df5604f74c6fba92c0d7,0.06798064,0,0,2
6d23e85570fe1139cf5ef3bc9b4e57ea73680b6e,0.4919168,0,0,2
cb83f7cb31e50f265e098c5380b3f0051e257f46,0.05146691,0,0,2
2584b4a0ef536e59bf28ba140844597a093d848d,0.060427796,0,0,2
cac520971206093d32bf17925f880bd06d93f736,0.1202783,0,0,2
6a99050166c945a226d5f8275ce4a9dca3518285,0.043804046,0,0,2
6dbb48c8e685f65f45ad5df9f7684bed910036c8,0.03491928,0,0,2
260e0e0cd21af7b03ab0dae33b4978233db67773,0.7739478,1,0,2
b5749b4f54b30c0c2050e456c12cfcf516434f13,0.06435144,0,0,2
07ec8ad2dd862c8669b2557b995ec5180663d73f,0.2877663,0,0,2
28656559d2fc67193a84d5cbc48d378b2016f74a,0.5555946,1,0,2
0add1e8975336c65513b26123d48b221e2515ddc,0.23794335,0,0,2
8e7ea70a33ecb8db5207849ea6371b4a5a8ffd26,0.05373845,0,0,2
6f653f6bb82757963a87d725808c080109e7e3e8,0.052982517,0,0,2
1974c83561d09cf73a575f992fbd8416e3354d20,0.5424229,1,0,2
37c20df721522b175bc9df3f06a361297010df5e,0.072752275,0,0,2
061450a927ba1cc65f7b984f4ff41866ec2eceac,0.041858673,0,0,2
60b32953a968e5623f82a6b27d6c679bc17c48e5,0.21967164,0,0,2
f175a241c811d2d0843026b2dde5c3ae308cfb95,0.033839233,0,0,2
ea1a69d638d97d5ffc451b32d240479357e02b0a,0.06923477,0,0,2
cae70c10b4451ee3b919764f72dc4a4caf0f6f27,0.06912279,0,0,2
c0c7112dcdeb75b521d55cd47d0c61be66b0499e,0.5633977,1,0,2
8d0214a7417addf790713440f10855dc279876fa,0.064115345,0,0,2
e2ec4f2fdb2bb8d97f64a33e9ac288d52854a530,0.3525869,0,0,2
fc73151cfca36ea2641f340700dbe339b9e1f103,0.45553866,0,0,2
dfc9888860bf192cedde21e5e843bc3caad4b74b,0.27378252,0,0,2
5f9e0851da9e74c12e04f5a62cb7aeb1a8ab7589,0.6770764,1,0,2
7d5a61ed64315bd6570c5cb55c1f53853a3fffa5,0.47316927,0,0,2
82152f41ac8a727c2f0042bd555452dc2dda11b1,0.27761444,0,0,2
474a837858a8e7a98316f97e9ed387d0161015f2,0.3146131,0,0,2
39380da86acc717f419da48f070f8cf7d9f9ec94,0.2922213,0,0,2
0e266204f535aa48f74d4f2480b2268c13e26b22,0.24137853,0,0,2
5b7608d1549989d92dd159392c19d9ba8ce0e62e,0.19517611,0,0,2
e79a590e0cdabd93883aca964db2a862ff3f8490,0.07277396,0,0,2
ec4d8a9a6b783f1d5d603d5272c94deb1e7375ef,0.0431463,0,0,2
507451866c98cf9e2ddff1008fc0152935ed9e20,0.55242515,1,1,2
8ac3334a04928faab627aef4daf4ac51c28a95ef,0.6763558,1,1,2
6bb871786e563ed82e2b8d26314c22772808fe5d,0.540178,1,1,2
633ce604968078151e03363d5c67042af74310e3,0.5133876,1,1,2
18b3437c15d78c54510964728486831822809d9c,0.05575326,0,0,2
d68f7f5f44924ddee14428e16b7458e2878baef2,0.03453647,0,0,2
a48071b0d489420bfdc0c2ed7254d1dba243f700,0.043265697,0,0,2
5637a5204ffd7b77f569ed28f85610eb782a159e,0.36834362,0,0,2
0611710c619e67affe9e3b6471943d0ccdb9da73,0.03827881,0,0,2
ff3492b06299c0a38c029c8d7a524d0027de357f,0.34541854,0,0,2
0343b4fda87161265acf30d5ee61e525e751358d,0.051291637,0,0,2
756ccc935ef2a8f9f48e96f28c7c622ffb3e6627,0.02941797,0,0,2
612236c8a77d5d8c4755e287f682cf06d773a902,0.070130385,0,0,2
f37f4b68f3343e2b8f8d82c40398f975116102f2,0.0415483,0,0,2
0822b4226f31e50ec244d311e56e3446a8e5811f,0.26666668,0,0,2
06b7cd3a31c4565ceb0a127273ef800a3d084caf,0.43840337,0,0,2
04b55bc7ca0b0ac444fdc8ad01acef8172852a8f,0.17733394,0,0,2
54ff33b2ad26e3969cc59d7f2723563dee3e37dc,0.055033498,0,0,2
54e63005446a2b0a4255ba16838122c5808ef886,0.22971182,0,0,2
1a002c67f2d3c198411a62165e53b31d6b414aa3,0.043829978,0,0,2
ec2fa6bd5695b36435cc66ca4cdd8183d077a0cf,0.36104965,0,0,2
52b46e74dd29eb3eb65a593a872fd57694bc154c,0.051710337,0,0,2
59022fb870c2c45a27e00943003c5acdeddaeec3,0.4396653,0,0,2
03fe88ab71cf2eadaa39654786c3fba713742768,0.26580554,0,0,2
a0b798c27a0312df2a110073bd7888993e56d05c,0.20138472,0,0,2
fb7784fa1472b4c55d329aacae672f416e11a703,0.1574432,0,0,2
5fb158cc05a9ec78e31e49abb654e00a7b65721b,0.20093368,0,0,2
f59a674a26d349b7069158023194ad0d7a38a9e4,0.08408641,0,0,2
fad946a1d79486c5118a596e8ac67ef7d5189070,0.31558114,0,0,2
d190655a97c33c886997b9570697f432e7d3a21a,0.22184342,0,0,2
68acbc803e416a38616bc25505cb88dde81af5ca,0.15235953,0,0,2
e8a2c29721d145c52c970049e5469cfb0dcefd87,0.1859115,0,0,2
00fafe772ceb91c9f26d79f5a2f6c3695a141115,0.31682506,0,0,2
31466db6ecd115aa74616e14a75721b45c0f59f9,0.20772663,0,0,2
6d3796e64bdd5f3f4857bfca6982e6ecf98a2b33,0.20014744,0,0,2
131917a0d3303ca2c38fd1d6765b9bed2c23ff89,0.15280871,0,0,2
51512905c31ff19b91fc67b2cb3ddb5b1fa0fd51,0.16797897,0,0,2
56f0e1053c9aa767ffaeee37cf06a6056a221163,0.03612899,0,0,2
04b41e2c97fe5faaf521c2e0581c30e18e2f0c27,0.15035644,0,0,2
84d52919ec3b3c75f28a185ad7cd87603c3cc4cf,0.036413554,0,0,2
18f5f54ca0e78df12586e0750e257058746a5a39,0.035870537,0,0,2
bb76a6848b37cc3f418a370c56f597486618197b,0.03040062,0,0,2
69d4bf883cd7402d13497a40422d20096b2b9aa9,0.1950296,0,0,2
8bb3526317408fba3ae351719feb68703aa5fdbb,0.39282137,0,0,2
b212aa3c6fb91c34a0faccdf783a0a085d40be94,0.29734778,0,0,2
f8b1f6e7456a92b8aeb3e0aa8ef88936873dae00,0.25769448,0,0,2
04a5d83aecc325f87696c83b1a5dba45584ddaa7,0.276214,0,0,2
c202aa8cec19d80f4671e77370287540a0777b7b,0.5069724,1,0,2
e55aaa5706f031df2e8d68bdf088604c79944246,0.048687425,0,0,2
63374a181393d941c805b6909c2ae5c41159e745,0.29801577,0,0,2
2b15e1f43de16d204a28f72a530abcc24208f4d5,0.29270864,0,0,2
4ceba113050407f10e116df7ecade93b1abcf6fb,0.047526285,0,0,2
5e5ba1b8129fc0d235b149ee699ecb2fdebfd39f,0.31371957,0,0,2
bcc7c0c85878d19735f4eb014e6b17a3c0deb0dc,0.35415262,0,0,2
f3a7cf629c19dc80734b5b6c3933fcc76c8a50a0,0.29835075,0,0,2
a72a5ced53067d3516ffbebf00a633743bbfeb5c,0.3756874,0,0,2
7642423cfa70fc797601afd64ad28ed1609df9d2,0.38901705,0,0,2
04e52eb6155b3cbf5fffc0d52689a3f679e40b19,0.029578084,0,0,2
a1cde6ab707515ae014c2635f9d32ad0ba64e7a0,0.026771342,0,0,2
ff902c15612f2d771483ce6bb06e55609247c34e,0.06034489,0,0,2
3f796bf74666ff9a4a6d31f10dbde4fd5e837d6a,0.46201485,0,0,2
c158713b66856745427f793f14a5dd1fcaf941ee,0.2744754,0,0,2
e8300276291ae634eda52d812e6e8d7cfef2f8eb,0.37838808,0,0,2
fac65b868c549d28b786568636bbc8362d2a78f2,0.40757138,0,0,2
c99a787752770b8952297e24e07bd404cb2f4f74,0.34675395,0,0,2
b877fb9abef4a19eec9cc7329acbd433648b8f7b,0.25176978,0,0,2
2b52dedd56503bf89b28cfbad21f59e3dd4d1d32,0.22194935,0,0,2
bbd1dc343992fde4baaa0309178509dd07eed536,0.07619886,0,0,2
dd5a0e6e1e3edb41afb4b40e4ec2c99e5932e73c,0.028470134,0,0,2
864721d54b8b372808b098e13120abe5c22fb9b1,0.028749777,0,0,2
18b1bc203bdb236bfd9084193aa2d55d4b605139,0.5819094,1,1,2
b2c1afce7eb13ea44fc7d25562cc3bb83cc91b2f,0.43554884,0,1,2
5b223744b49d3ceac9608959d2db82bbadb47897,0.40949073,0,1,2
031f6b082ff21cf1138907a7c666d6ff391bfd72,0.3462141,0,1,2
afedbae8aca69a092d65766640361801bf2b5d9b,0.26658946,0,1,2
fd59e545f4f2d697ea7e197f002c5e8eeca27004,0.41759548,0,1,2
3eddcccba7e0361d6e833407320908187b16ac8d,0.45360225,0,1,2
34a5e7fa91aa7ec9e75a16eb6f3d859d794d399e,0.55432296,1,1,2
fbb5d31a581c24e925c442a7754358d2b62a669d,0.4549946,0,1,2
17e65488113a2dbe9894f824f4321a06ee009e02,0.5430625,1,1,2
9625891a7bbc0a8b11f7cf9c2b4650775ec8ac53,0.49513823,0,1,2
13cd4e0ac3ab76a4dc091eda457f9a111727cba2,0.5104862,1,1,2
8ef8e2a7a5326eef6180951207f65d3c29bce419,0.52035725,1,1,2
844b2901fe4049fba29ce8c6961dfa25966974ef,0.31697437,0,0,2
faeaa303b903139f36c15751c8e48ef982222842,0.3579518,0,0,2
5fef9575646f6583fd2d9ee01368b3deefe6ce82,0.5027275,1,0,2
6c687c70a1d5cdbc71c113b7d7402dd89a942849,0.426583,0,0,2
c049aeeffd41dd9fb8075e719320846c83e5ea91,0.4491533,0,0,2
9bd439b4e0aa69050ef1baa537e552fa4620e5d4,0.412948,0,0,2
8d6bc0ca625f3a1a98b486541fa613b2fac4b41c,0.063317314,0,0,2
d2fb3b0865a87cc909e4faab7733f993356141e2,0.27873114,0,0,2
10ebb32ce1806821518f52074f0d171fab20b3ea,0.36595973,0,0,2
caaf97ed8804ae3bf6fb17cd98a5814cab834688,0.34477484,0,0,2
ce0c082898e3551d313fb5b73763f399232b3fd5,0.08637025,0,0,2
bd9adbb637a8a4aa5eb61c6fde2c576d0ab3c4fa,0.5656063,1,0,2
e4b7ee81c1773eeb0bb71ca53bf722f046c16a16,0.19780965,0,0,2
aa31bc6c313789c344d715b7c1aeea0cd8de47e2,0.46735907,0,0,2
3899cc6570bd9176c84ad2d5d14febc6c0ddd964,0.36399484,0,0,2
648eebba22d6398a01b0924975bedced8469ac80,0.11036216,0,0,2
8d95ae41975a2307501aa0f4a7eba296c59edce9,0.59106994,1,0,2
1f56bd103d53c8c6ba7502c6586c26be01bfdb80,0.08654197,0,0,2
c7c85ee39892df3ca007c6596c41654865be7e43,0.21424577,0,0,2
c503d742f094dc2048b72c3f78f5e2e6070a44e1,0.42256838,0,0,2
a2d41db55aa46bd4fedb215c978f03e282cf1ffb,0.40196434,0,0,2
5ceb5f57212935386737ef4af0d066e9fd38c5a4,0.37264383,0,0,2
cf6b6d8eb1b524b73cdb74168f3190ab471aa52f,0.3420472,0,0,2
ff8fd9578ee8f66e6f80cd7b9f204767845b7339,0.36210284,0,0,2
ab60f735c721103ac888d8d7b801055921336687,0.055615608,0,0,2
a2660687980b36003a612eb89b40d6fdecb4b153,0.07849101,0,0,2
b3c31a379e9ad7cd22cb7f0669b82361ced84992,0.1989193,0,0,2
204ed0048f4812201ef65c9a0c44fa54a7d1e04f,0.28088146,0,0,2
103b64a373256feae6ca85f2bf220e7694e48fa4,0.4551296,0,0,2
9c506279188a90dbbe124386cc52016682d17b5c,0.4867915,0,0,2
8eace0187ea2c0c1a6e3a5b5e24e701f6e23ae94,0.057455476,0,0,2
72bbbbc559992e5e6bf17279d8194aaa80c62e85,0.48082447,0,0,2
feb7ba55120feb5e3ad3f526fae7dee1b5189d9e,0.41816577,0,0,2
bdb074610c87a210ea4c0d91d579cb4558f4b19f,0.6151121,1,0,2
64d820bffae723b9c8669301b246ae199db61b5c,0.6489293,1,0,2
d58d64ddb1f205a54c7eb57fe0cbec9c59cad8d6,0.36733302,0,0,2
d962a2b31c9a7216c2df557eaed3e475b13939f1,0.031599678,0,0,2
db6f7c1d74ba64211221a69cfa9fe7171a9199e8,0.44255552,0,0,2
1eecfc948bf6f4cbb9a2481313ca7368ec653056,0.14744255,0,0,2
ac5a216f767c6defa4da720c6ecb3baa05e30254,0.049129967,0,0,2
d9a2c69a9d1db6072e1d7b7ea4fcbd5c15d20b5d,0.136361,0,0,2
d0f6be9886afaee6080cd4b7cd5d165c767b71f0,0.028129919,0,0,2
8ac857c41ec8ae02e57eb0c1c1a012525e7e14b9,0.27213597,0,0,2
10d2363fcdd6e15568f765ba0dfd5f0cfa0b04eb,0.39286363,0,0,2
8232c096cef785a2ba88a7324b882a7badb0af44,0.3055164,0,0,2
5f4249e2ec8cccb17b27a7ffd032c4fc237a6927,0.32328907,0,0,2
86a59601b570585dcb7a1ce3d1ccc8e16008f53a,0.07088681,0,0,2
809e2bed22f02264e0ac58bba070f6d84386cfc5,0.38925627,0,0,2
6423a7665516d738ae50d272e3b4ca72cdb89a9d,0.16271015,0,0,2
8274993e293a79fc75829df398233915a6387a4b,0.50867236,1,0,2
e2dbe55d56bd6c1209276050f527d36717e33e1d,0.2858685,0,0,2
10325422e5a4735aa87a4d47bdb377e09fe963d2,0.70039946,1,0,2
a069c490e8119189fa2b43d3b597b79b3d42a367,0.43425438,0,0,2
a945ecbbdda782b51d5c2c670345fbf4dffacab7,0.09059045,0,0,2
e4c72a5522aabfa6a660088aa9262d849756e464,0.06354517,0,0,2
0095d8adf26b9469115b1be0358cb09d1fcb5fd4,0.22707023,0,0,2
151f2cd3d80c006f4ec228cdf610c3a35feb195d,0.04344642,0,0,2
33884b226454324f27700f9069f4702b44ef8ced,0.42134085,0,0,2
23108b1bd90de315aed37fa3fc1f38f8a56ab9ba,0.03307494,0,0,2
d6644e4fbe3d125eed2d85e58fc7133466042f10,0.41773507,0,0,2
dc53e49b4afa5d59c533cf2b4918402c37411fbd,0.3214455,0,0,2
f9cab271b3bc8c2fb6e2c51449ad3bc07e62e174,0.35042375,0,0,2
383bc8eefae7e17d0bb0349ab2300488c655ec42,0.45824534,0,0,2
eafeca43268f16aa9d4a179e44b9e7747699c1eb,0.37131232,0,0,2
4733cb5b798cd72aed82a9118648b4a86c91539f,0.36237887,0,0,2
9f89fd4626bbb4e34a905835e397bcffbad59307,0.032089945,0,0,2
2dd459003e19e4bbc2811b10d38337f295fc5a19,0.170812,0,0,2
8d601ab71228f7c3dff950540e7ee6e4043e9053,0.39641538,0,0,2
0f6a292a29fedd49741310cd517ac4ba907bf8d4,0.39170915,0,0,2
011775551ef75d75f81189eb4604fd0f2ed424ba,0.45927116,0,0,2
695342cb1cef42f30fd1a8496f181c92b21ae82d,0.4431575,0,0,2
c14890f08b9bb47ab8ad27f4dd4c714e32961d0d,0.32082096,0,0,2
f3d2d55ab9b783af65f2050272cd0318a9ad23a2,0.044455376,0,0,2
c0771cbc3c445a9d1d2a43ac4ce3c0edbc806957,0.3061869,0,0,2
3aface95813003ff75505e2ed7d75b072228d3f8,0.042794175,0,0,2
2c437a12bbc578442daaef85ab486d1e55763853,0.22532621,0,0,2
ab0570e63aae3027239dcd5d22caab95111a5de8,0.041665673,0,0,2
f015fb2b31a5621689a57ce9d2d300e5f32357e1,0.23568553,0,0,2
cf950e7365848130c5c2d57c871652e6f83e96a8,0.13650303,0,0,2
e6b830bf95f712672cb9e77cd852606cd134c5fc,0.30276912,0,0,2
09c52410e62b0e1e221d413d7ab18feefcca6bf7,0.0795302,0,0,2
9dcd87f9c46786f3da54af7ac1ba4696840dffa8,0.32665077,0,0,2
f55530a2ffd3c481f6554d98e9d73f2e8c62ec8d,0.22545569,0,0,2
dfd69e038cc7035031d1807c4ade870d2a7e2ece,0.17550026,0,0,2
a49ea7a65b7990b3e6e625bc8bfff7396ee49300,0.05264654,0,0,2
41bc4cd029fc486b5570ec344cdeae049bbca860,0.09094387,0,0,2
51b2cabf2c3737de06fc889b39d40240d1b134c2,0.044834293,0,0,2
8a05e0b0f640289c32f2f261f35450532cc2a1aa,0.17196672,0,0,2
2cd3f0f10a797b744509903b8eca4fd2fd4ed6f6,0.30880922,0,0,2
8c1a0d2ee1433681958809b4a0fede65f62936e6,0.07408567,0,0,2
a08ec31dbf212a033953dc6916a743dccbb93e37,0.042361494,0,0,2
795fe5d869594bde53f8490d75eedef6185b6c37,0.35017508,0,0,2
5556118ad13fbb80a56d7b8de6f960e9ff8255b8,0.4093424,0,0,2
f643b4fa939e89348618ddffae20a804f4461363,0.03254822,0,0,2
bd5cc81ed7f91865aee7a5a7febeb237220d0c5a,0.027278127,0,0,2
657704627b297a19a693645cf03c5c70ccd9a8bd,0.41380015,0,0,2
363cbf7908cfcc6a538126bcccf5c955afda6aa1,0.043361496,0,0,2
c636539836ecb541d9ef71f2d347772cf9f6bc52,0.16405444,0,0,2
7cf5e01c2a152a0b612cb19e02213879a57c14d2,0.39589462,0,0,2
e8d861359ade336badcac3211e5aa447097479a6,0.037540756,0,0,2
044367419dd317eb9f9935d8360280b8b8695462,0.41428503,0,0,2
86a082e8be8c51f07079ded82d6d125c9efc1791,0.3959406,0,0,2
ab25f67348d4885620df86497889c1826f013a73,0.43918484,0,0,2
07811434b773b6e1737fe7dd3775aeab8afb18b8,0.3187154,0,0,2
5bdf0a938adb384bfdb6cc494a2781e2ac33b0ea,0.20554571,0,0,2
30c85ad05363767deeefee577063c2c432b971d4,0.44144908,0,0,2
1661e5519c4836a5a940b13b7797263443156fc9,0.34407267,0,0,2
a64153a3710c5035988690f0acf57dd61b711cf4,0.5368095,1,0,2
954ade4c1ae2adc0aaac3a1dbe800495c519520c,0.37992558,0,0,2
4bd982d1a1df87724682c17c39bf27b5cbe389be,0.2564201,0,0,2
a6443e146f825291308319c6a0f2eb82aa34f8c3,0.07475838,0,0,2
914844e1b226a1ac7ba45626ecfdfb56e7b2e263,0.058253296,0,0,2
98fa164cd88d126d0f137f5bcb4a1d180e0c2fc4,0.52813065,1,0,2
c79e6fb8f95bb07d2394221b29b75fcc016f4900,0.44384488,0,0,2
6597c196521af500feef7a02610727eafa7ec1dc,0.027029967,0,0,2
4670a941be92a55fbaaa3b4055d444e07ffcadb0,0.5021214,1,0,2
cde4c529034e182a982fd842252ec410d213c34c,0.5621876,1,0,2
b5f5449cf338376d12404d0190054525987f4276,0.43059596,0,0,2
721a6e59f7e4f5c0f3196d3eb0e81cab5e41d065,0.40073347,0,0,2
c7c424fb9c3a39b6ea036242e44cdca324f7d104,0.33433786,0,0,2
a8f41ec97d139f5d0d7cf161e8484f2bb809facc,0.30383277,0,0,2
0181c8059c081d144cad36d003379bd50fcd9da7,0.4360151,0,0,2
90f0a680adf3eaa95e46e96d28ecd6848c74bfdd,0.09036789,0,0,2
12e597a78cbf9d82414b944a5b285d81a2e27e51,0.5196716,1,0,2
b45435c950e6f6864671bdffde29e26cdc8ce15b,0.30896983,0,0,2
4259a706ab8641f408afc3ce224b1c0ba5a43d17,0.21488939,0,0,2
f0f896ee600ea7ff66c083747f370453b914be48,0.17444922,0,0,2
5482ce61b003726a9476c76a4337e043af4318c0,0.2546638,0,0,2
31a9fa0cce769c976d74cdcb6e6ce8831793db7b,0.35265532,0,0,2
1a20867d01ef8ee5b32b0620125b7c38a10b80c5,0.33733788,0,0,2
1731949116a7278f2b729cbb9e505580c8f56980,0.64808637,1,0,2
b521820b23c45fd068618d10955eceed48801eff,0.049595058,0,0,2
661d16d190708a1a396d8b75ba10738e4574c11d,0.42803013,0,0,2
3c2673e82d33b6c9bef3005a896e5b0d52b108dd,0.08019335,0,0,2
99900ae089cf996bc969f0673349c06c2e6fbf1d,0.4555828,0,0,2
811dbe7226ba0ede04c2062c2dba8f72a1c03e58,0.5016301,1,0,2
9f7d03f09172afcf0a7be40e3262d151ef053b3c,0.028176231,0,0,2
3c89994355f3574078c832b2dcacba0e65e87ed1,0.36966902,0,0,2
d547412bbd2a1ca56769a2bfa13b7ed9547310ca,0.39528742,0,0,2
d3146a545612422d3f8078f10afa00342b327199,0.02747331,0,0,2
8f54030347e31e0b1492fe874a1f1b67b89b836a,0.43279332,0,0,2
f059e5f7fa1ac4a906b5d2e18d72d410bf28fa2d,0.2905648,0,0,2
a5e76ebc404d419651c2a25b1a62199de64cccf5,0.5093724,1,0,2
a91f76da21faf4e8b70f0f69c6db2521409e7d29,0.4950764,0,0,2
5a52446090a67b9b04b67a0b7aec94e73bd21930,0.36041138,0,0,2
82cc24437f43d07880d8883229477735431e5d02,0.36549267,0,0,2
859224ffadb79147088840732236c1fad341d842,0.42787853,0,0,2
314b6b56bec4af56dba667d66a25c1613f4bc800,0.32027867,0,0,2
8cafd87c83f4197f7e8d14de8cba453c844266c0,0.46454662,0,0,2
a060733e63a9cc476342ca190d04ad027a241d33,0.088930465,0,0,2
e685d847b4c70e354e47ea3990cefda3265aa5c6,0.22704034,0,0,2
c8e648b92cc133a604b5e1f4da1ced943788e64b,0.62505907,1,0,2
ece2f255eed8ad9eff6e236152de65e804c6adb5,0.6376668,1,0,2
9766e22b42b7b3f3923cb9c2502dfc2dd5d0a5b0,0.25691822,0,0,2
776b86e99a1ce18a5093db457109807b766d49c1,0.33416787,0,0,2
e1bc286245ce5f798b5312d65bba64c71921a3f4,0.1503194,0,0,2
585b1cb97b4b9e81b55d68e04b6c1e1195058a8f,0.19565529,0,0,2
7587431987258e94748d5f2fda1e6ca049a21600,0.39710644,0,0,2
53def501409cd1f9e20ac43edba6f2949bb366c8,0.16613968,0,0,2
7c19a1ff4c217f03c0be62baf1169d689f566825,0.4862836,0,0,2
8cfc1b1207577943d412789765a3a2085f1b3036,0.3872557,0,0,2
577f7b3b5462fdf84c0956a3bec5296bf7821677,0.33951735,0,0,2
65b08c4f91a4e5d78eb645b46d06d7a46f8c62dd,0.34893036,0,0,2
0344ca3f2d43e3732bf16370262303be8761a523,0.6645578,1,0,2
c68285bb3392665827595ac408a5fad828b0351f,0.4596452,0,0,2
18e692478dcf91fdceb9b9fdca7c61a1111d63aa,0.5231786,1,0,2
f2d8493ac44995170ff84bb895e3a73e0127cc68,0.035641294,0,0,2
f5ebb9a649e9dd0773f9bd3457d6ce1895266d59,0.26563606,0,0,2
3e08af573f8b50da5202f55df62c925f88a47f3d,0.4199481,0,0,2
cc94767e7eabdfcf9d1cab1d8d1d8556864394c6,0.30595127,0,0,2
d6ad3f01574b839670d4ea5cf82a601eee7e0c16,0.052929595,0,0,2
a2dce32cdab108e7e281dfc27dd0a394e1419ce1,0.034640312,0,0,2
fdf05fa29babe21e64f9a5b268dc8406d449d4f1,0.36249682,0,0,2
0b70b01a9f1d9664bb5eac737175f58f06979b60,0.3346184,0,0,2
7076b7408f06bc8a277f58e7bb6c2ec3372d5d6f,0.31915495,0,0,2
cc6beb2d05347fba64d933906ae2b712b1a43302,0.433652,0,0,2
c7554151d3f695718a5bd431e22c7f4c39a0b261,0.528642,1,0,2
ae862ae116f2056421ab8d6e997e7b64a95828a5,0.40927038,0,0,2
d65b9d2bed09847ef28b9ceb30c9f8a96e0c12fe,0.13486782,0,0,2
36217ee164239391c672fdfc8f5bd080beab5c4b,0.03735836,0,0,2
44854912194177d67cdfa1dc765ba684eb013a4c,0.03808256,0,0,2
fd60085a2a3891ab6db46dd3b75e9dd67a7c734a,0.3006456,0,0,2
f4bfd9c71f51fb541d0fd203f0df2e609632dc62,0.3558184,0,0,2
3b6867fc25b5dbf27925fdced660553ea8289dda,0.03160304,0,0,2
ed94e5a5cce33af89dc1b1475204734b17f64bb0,0.32531458,0,0,2
87eff4c78fac85c1b5f2309887f6be5fa2972537,0.43815276,0,0,2
732ea5e94fdf8fef42b5c21d001983fb24d2842a,0.3619875,0,0,2
09d70ce73dd37544c92621eecb7faf062fccbd5b,0.25806335,0,0,2
060e66bf995177adfc4d73a2a4c9bea70dc5e441,0.37781343,0,0,2
9a7de3974d64a5410e577933e141797928adca71,0.50340426,1,0,2
1e9e36640f762d29c07d8322c361ece163b179fb,0.32544398,0,0,2
c56b87d6efe530590b6d9a07e41ca00af208ce37,0.46173778,0,0,2
07f3694a5c85ff5ee8c556817c0d2ea3504f26f7,0.03974785,0,0,2
5cb988334179b4f04a27c59c1e6a888db0dbfc9c,0.5030517,1,0,2
713c77ceda21d0c3cc9c213341259d64fb46fdc7,0.2550718,0,0,2
729bcc46b503c1574c7c93a65e902f436b4ec6ec,0.060281973,0,0,2
6ea2fc8d38e035bafaa92c7d3b007be38c2e9000,0.065904014,0,0,2
95fce758b0e12837869cae450d8029d7237b0dbb,0.0864661,0,0,2
6ce88517b3af6d48c979b6e984889b69c044561c,0.44385758,0,0,2
b52c69b1b0ba1c542b917247f1f76deb4ce2a42d,0.19349709,0,0,2
125cfb4cab35daebe874a599877d6280b464212b,0.57780033,1,0,2
6f03c0ce11db4a270124b9bf93338d3db9fccf5c,0.41966066,0,0,2
96a1a31d734e663af5c9bcda58c7bb5870e8a363,0.39963928,0,0,2
7aad59482002d0b4bc3546259d33eab20ce76b9e,0.35316756,0,0,2
c1ffdbab58712cca8463b3edc88f9d5a09b0ca9c,0.5147472,1,0,2
758228f691b34c97f421ed92336772531495e0cc,0.31258243,0,0,2
a26c66a8edcf029ca5f94354cee0db267e9ccc20,0.3510834,0,0,2
8dae1f2904b93127f101bd36c1c79e801385a8f7,0.038341153,0,0,2
4f928504ea91c3c1dd43ce696acadf76624240a1,0.17358875,0,0,2
22c30471564c730b02f5f7cedec28fcfe5749fc6,0.22884235,0,0,2
10122741eac52e218771f30c6dc2c0aca54ff006,0.28120828,0,0,2
e863dcb2e7a654af6b8eb5865d8d1d8eee0a6d28,0.30457586,0,1,2
d8ec011d770e1e04ef4f87fba673f3748f363278,0.84709626,1,1,2
f7cbda67518ed7335566ebf942cd170a66746096,0.59182453,1,1,2
7d061e33e59e23dc4b03378f35f50a7d70f033b3,0.53624135,1,1,2
49a876cb1c2a49583b9184ab58a579ac75525986,0.540656,1,1,2
6dfc3e64037f10b84fe203415e79e2435acff558,0.50072694,1,1,2
5fb74a6618da0ca8b12a3346038164913a5d27d5,0.4943193,0,1,2
f5a9effebd7209f3fa5385f18a5e59e8a09122f2,0.56907874,1,1,2
c614fbcc79615f93d2c60a153db6e82d7474c425,0.48046413,0,1,2
d575057852ab2be41abb39b8de69a35cace5c67d,0.4482888,0,1,2
c8e61afdb89c58ea8ffaf04593da41ff0888d30e,0.21324773,0,1,2
c3b1fefbad0c67c8556ba6b4573f135197f87598,0.46892628,0,1,2
60412131f3679b720bcaaaf3dea4be666cefea7a,0.52708995,1,1,2
2ce40494073aa4e9bdcba4c39d24727b7141d227,0.51084495,1,1,2
2e9f3a80146262511ca7bcdd3411f095dff4951d,0.42124876,0,1,2
2c0429aabd2632c8c6a242e4a23d5eb6f46035c0,0.5058242,1,1,2
bb3fe2a37975920d1c7b9cf16309d86fe86e1a35,0.5558773,1,1,2
cb686673a70a6f14c35575550c48c37d19a1598b,0.51344156,1,1,2
357fe1378889e5934e8f60c8d35397bf63871991,0.4734145,0,1,2
9c886bd4a188c91301029040b3a839e4b8e2812d,0.5213855,1,1,2
8b62c114cfc5fd347bd8cb5a391fdfa8cb539435,0.57267034,1,1,2
56b7ae44f957aeb884efc797ec74c790a7a3abae,0.537127,1,1,2
17f9d22f334c91e701808808170bf60aae7342f9,0.5694792,1,1,2
9901bf98e4921df1c85e323c4b096b7feb80221e,0.37339136,0,1,2
aff0fae2ec3a7d74356776c183c6986eb9eed520,0.40988144,0,1,2
1415c9a2a6317dbdca6f1fbb530db1f558d9bef5,0.514531,1,1,2
e51bd89201477092c32c180e4f8d00569db17ac1,0.3466134,0,1,2
efba54d35fa094de5e580b200a8607bfc7bd5a7a,0.41171876,0,1,2
58a8f12b443d7cbc16ec00b8841138ee55ee6630,0.45072693,0,1,2
e7d16c27629722a93a9d36a0b5e0a3a793850544,0.036425654,0,0,2
3fadfdd69f4682f05563ce53e55743f55813f488,0.23998757,0,0,2
bcc4f82a7aca3fe72142bd8d9ab3ac6c9d4d2767,0.30778325,0,0,2
54acb6e10f33d5f71770323e9769d2dcc1130a86,0.36540237,0,0,2
bd4066eba88a772c06394d818d87aedca8bea53c,0.034206625,0,0,2
09ef69c5b51115300da6df43690cd455d83c8027,0.03814409,0,0,2
a5391bb34cbe168f2c5f5f6e8fc3a1eeb9399e13,0.45563716,0,0,2
96cb498f9bb88b534e49f9b8301c9fe7113b2dfe,0.047766834,0,0,2
f4a262df5204221184f1f5008b06957868684a25,0.044544905,0,0,2
81ee0d062c888d8f8bcbc154cd7f0143710f458c,0.2816495,0,0,2
4aa4291ffc143486757617b743c9670001f8a7cd,0.04606475,0,0,2
ae6a24dd439a7b778e35b484a3a6eae1a8eb64d7,0.04545725,0,0,2
9379d0d36acdf78455e81518b3b1476c7691f056,0.03676244,0,0,2
2521d9619fe1f052ced8ea1107851ac98a1b7488,0.038264576,0,0,2
7721302ae5d70d2986d74ae7e7df648bf849997d,0.10059765,0,0,2
1cec9a6fe588c047daa6c711814453840405561b,0.31887865,0,0,2
a36c903d4f1065bc59f5e6d2bb0f9d92a5e71d83,0.034269966,0,0,2
08aa21f9217df0a28d48be5be5db03ddf4867140,0.27666828,0,0,2
4f4e2b064e98ce1abce98428965f8eed86f4543e,0.43219084,0,0,2
2a11642511a3c69bac5aa1abd83d3219871395e3,0.05756092,0,0,2
ce178d8e87ff6f9a12aea4b217c1e09254936236,0.3313962,0,0,2
9fb4f47f352dc1c1f5f20de80840d39e1eebb985,0.35195357,0,0,2
762641dcdbae9456aa2b72ec8fa1baa0acab942f,0.035665765,0,0,2
47a9ea7c828772625b9e26c0c7a6db494ea626a3,0.13606794,0,0,2
9d090d40ef488c6c8e0784da877b93a05034e339,0.04580463,0,0,2
e7e48da660e17bbe5c0f8959c2cb9f6d60555cab,0.037324257,0,0,2
5d369c4fc53a2ef5c47f16eced9fe917a87146a9,0.40476143,0,0,2
558f84322cefd02246c49666d7e7a3b2e2cddc13,0.031206423,0,0,2
b0580d508bdee2903f05d95d59e6e9a1dc9d710f,0.079227716,0,0,2
32155107dd982360e813d10d0c76f6f7cc2cc7bd,0.042276837,0,0,2
596afd4f5a73c7fc756d9bdc12c6613856ca27aa,0.119190104,0,0,2
7f0046cf4e2161f0145e0e59a1b9684b04061916,0.10754508,0,0,2
1f5e68b5612053cf35b31a13c8b5e8341d892f93,0.025636492,0,0,2
b236d5259f95b755aa5e1d955c8f835312047d77,0.037454437,0,0,2
8fe95aaec201acc964ffca80954e60f7c57d7413,0.031388786,0,0,2
d5b16405c77037e37bd180843c1eba79117da7a6,0.03417495,0,0,2
d3aa5b77428d77f5954e30b14e7385c15f6f398b,0.04028457,0,0,2
83119a80aa1551bea003ea6b9e65b616b7795246,0.03454277,0,0,2
c4de3dd2bb8afb3323fc3aaf394a463aa4222768,0.034607533,0,0,2
f7f4b909d0961528c9b02ca5492b2a57a8df8bbe,0.029076196,0,0,2
bb3d861fcde210e45f3d3ac59d8ee6e1e4086cb9,0.034517787,0,0,2
1e6dceb8ccfd2c97379f78066ef4ad2b9a17b1d5,0.355908,0,0,2
361b73775230d91b4ad9ed588d6d57f3a049e907,0.02998292,0,0,2
9a2f53d2d56fc58617f2bc7e8ce7f488dd05d47f,0.042618826,0,0,2
6ee118d2a12a4c0bde2c5b828e05ea9b18d4be2d,0.035227768,0,0,2
eef240cfdf77df4d3ec55c2f03dc52112dea7553,0.4132573,0,0,2
0ba5e75432717181296459b9bdc98f9cc3cb2c7d,0.40455547,0,0,2
5d83e4deb81aa7e06e4587809642e70ef9a03662,0.14190562,0,0,2
c635393fb9996ec9d33b32ca27a720d6d5593255,0.031894438,0,0,2
cf4d2789901be233792839384ba76b94dbd25888,0.2590749,0,0,2
46a1c86ab3f4e2068023a1faf1c704443f3f36e9,0.038366105,0,0,2
d31ea317a5fa6cac0e281bf0aec5367ebe45a217,0.0431785,0,0,2
88564caa20e4bee55287b258543cab35e9d3adf6,0.5111435,1,0,2
9f0af0bfee5a92e67ee54c185f49fb7c771c15ff,0.4580934,0,0,2
05f3b74fd581ea5f8946c64edcb293747b4d9a71,0.035136078,0,0,2
43e4df85bda71ca1500112912a83d3ed19868c4c,0.029162498,0,0,2
8283d966f47280f682a1407d499346a383d1b1a5,0.033638276,0,0,2
5878adfaf37ce37e6988956e4cd5c833c6ec61be,0.03825555,0,0,2
ace5ba00f7067d517a35713f439344f24144fb79,0.035037454,0,0,2
67e443370e06288fb2702d62c0206221413ab852,0.0388246,0,0,2
9687cf07f34bbf5f67c17e75cadd287b9f6662cb,0.028250562,0,0,2
94cfd56bd9092e0fd8579120630dba0c857b7777,0.44973412,0,0,2
077913c7e9eb8e4cf8863b7545bf53c2923066cc,0.05269608,0,0,2
fbb81a37f80fab1d1e21435782e034eade76114d,0.3624138,0,0,2
278eed3e1f7cfef2d39a25aba53f4478c3ad8c58,0.03607591,0,0,2
73dcea01b19ed9fc9c0d5a8c38e752bfe071c801,0.07488697,0,0,2
54bbca89040ed195b89478713fa4a181cb2bca3d,0.030734314,0,0,2
1fe64733a2a28b795bddb152e9adf7489b6ea7c2,0.43692368,0,0,2
1194c69fb122709872fd634ae9890cecd1d83e90,0.4749777,0,0,2
709aa7bf9c998cc75f6e0be7d258aa5a07ebce8b,0.038364436,0,0,2
cdacd4a987755572bd4d6d328b371644ac07ecd2,0.111626215,0,0,2
ee7ed6e655c08774387f9ee60ce11b84d7901cd1,0.30174208,0,0,2
edd64cfd822ae2ca2faa8dc1c73edc38a6e19f0f,0.035353478,0,0,2
ed085d064c0f80b0bcf382550d10fe6b6fc9f283,0.037522323,0,0,2
4a025d3f8e31bc3e944399990b3a4baedb90e630,0.036411196,0,0,2
157aa8daebcc6a464cfb350de346cc550ac13d15,0.21802552,0,0,2
0dee0324f694b1e035b9c3dcc6923278defe1d3e,0.058530916,0,0,2
136b96c803ce4353f2cca2b24171ddbe74345fe6,0.03151802,0,0,2
99c63edb10e945d466dafcbacbb6fe930f2a31ec,0.272863,0,0,2
1c8fbeaec2ee80d45b78742d63aeec0c9d0c4e9a,0.3030212,0,0,2
b1162d812eebc9298b7fd62eac1dac119ae5f271,0.29201716,0,0,2
125c820e8d43df150ac09c9da5b38dcc1ea6e03e,0.43035147,0,0,2
680752e1414c07fe4357d5b6fe3052f3d9dfa374,0.038551785,0,0,2
f36d6870f2e1feef7f1d6fffeda056fa72c051f5,0.033104602,0,0,2
62e69cf4f2fcb3ad8bdc44f75f8a9e3e20ca7337,0.0424102,0,0,2
7df57879c92a467cd71860e6cfe14a04a49fd031,0.24717368,0,0,2
fe63f95fbff43495e57ebc37350798dee024cf9a,0.035258695,0,0,2
719d0c56036111d07c46ab5b0f379f62f14ecdc6,0.063990094,0,0,2
4951344fb2ce246e0cc5a2dff90d24cea6eb3a75,0.22283648,0,0,2
c151913ae25d55814c40b7f922886d52c7086787,0.14126928,0,0,2
ba1e716261e055f84baa9a47f9ae2ba959d54390,0.30251262,0,0,2
894fd838fb695d794fbd28cc66c82b80a9688c91,0.32152036,0,0,2
ed7710f41c594c030188917cc773adbb6107383d,0.36990866,0,0,2
11ddae0a3570fdeaa421e4e378ae14bc173598ba,0.33765018,0,0,2
9e8b370391f5b3e71cc349a2ff556d8a3cdf1232,0.3412461,0,0,2
15ee56bd0f91ef807a3e729ab3410a834ef3fcef,0.35135895,0,0,2
72784c46f6a7d7644398db5c7ac8bd3822c523d4,0.44925702,0,0,2
90559c49bae582697906598c735385c19daa6da6,0.36883378,0,0,2
b34856498ed290a4883b077db0d4df2991ba190f,0.31106856,0,0,2
8cc80dd1a449f98924ca9e74970b35f940d43800,0.43006942,0,0,2
84a844af5d30ea41750071dc8140a56e9e146bc8,0.038288537,0,0,2
6f95e26fc92e929fde30d592e7572493d360ea3d,0.05054439,0,0,2
fc3d530961ce4f23fd2c8310f82d6d1fdaae6c16,0.3896239,0,0,2
53c08a37ef81ed2aa3ab57f5933ebbc5db68328b,0.37350625,0,0,2
bd861c0d8009bbd51137bb97d15d5aeb8902eb2f,0.31281555,0,0,2
584a10fda56263ec0ed555f9866a1a82851a83b0,0.4458183,0,0,2
aa0c114ac9636012a941ebee49d69cbd6f6291e6,0.44135627,0,0,2
bae09b4838de43ab6a8be25ee25d0d11f0fe7477,0.2489065,0,0,2
4d8331ef9c3993ae1d3c091a758b24cb9a037fe4,0.049017858,0,0,2
1d1cb74151d6fa0272d607d06ffb85ff4a50e972,0.32018867,0,0,2
6602d00afa7a5f32218784dc54975cae5540a255,0.117633596,0,0,2
cd78c96d225752e3656a2f1a302298370b55a4c9,0.051837027,0,0,2
f27cca133f9a28899e00488ef56b2f8a2700a68e,0.050603256,0,0,2
3fe52d0cd85c01eadc44933df5596d177c3ecebb,0.09470462,0,0,2
81d1982c3cbf56f77e2edf3f063ff84e6e748549,0.386907,0,0,2
e32f477085a9b6f658463bbbf355405980c515bb,0.10901114,0,0,2
7419cdb1fbff1096edca78bc5db34f7fdb3b7342,0.03426147,0,0,2
ce1f9e29288cdef4fc295ec2d5b4f846f0b732d3,0.23983003,0,0,2
60a8028d22b88ee2f2d7cf7657ed35f4046efe79,0.44004405,0,0,2
c779a5ddb807f1a84e1e6a5e43a0f1296dd565cf,0.036518246,0,0,2
c2bfafd4bb8ed95e30dce29e65a9afce26a7d860,0.20637673,0,0,2
e48157a0de54d6b82137d62dde9cdbb4bf5c6f40,0.032925677,0,0,2
6d908d014c25ef3da000789dd56de0b6e7c9ea8e,0.041243207,0,0,2
5bef000847001240749e50239a25ea69485c849b,0.20650165,0,0,2
82c1bee3f786f96fda51243f4cc6d50995bd90b6,0.44785917,0,0,2
5f84693e1db2c35b9b797614e17136655c433335,0.035000455,0,0,2
dc8138a8a9b022d156c4d04b2491b269661db396,0.028465763,0,0,2
233746d8fdb7e71a63b5cddb55421eec87bbcc4f,0.25874984,0,0,2
84daf6aee0175303801e710dd2d326ce252d2f88,0.38027203,0,0,2
6df343df2635e7e0518a09c374532ebf22a30529,0.037515093,0,0,2
6cf4249650d72cf21ae3addacb5202089923ad91,0.038916666,0,0,2
d990feb36764cda778e6b4ce9469654229ac716f,0.03954796,0,0,2
393fa5df9262c339e004e061809c73d7637a909b,0.055632126,0,0,2
59899e1c820cd3fb8789b9cf8648b269b97763be,0.03497127,0,0,2
2ddd54a7ddfead528f2b1de92dc8dd16be7f5f89,0.3731327,0,0,2
c7599fd2a84b3d58473fd16c5df4034a8658e925,0.036381036,0,0,2
82b547ad25147df44f27a3534a5b618755217378,0.05046833,0,0,2
62e56cd3884d224e42cc8b449ef631a0909a19a3,0.036219906,0,0,2
a85fe84ce63f873b760e311f27ec42e05f1b3f42,0.3095542,0,0,2
0a114bbdb01548a69c7a8c155bbdef7785ecb389,0.05104923,0,0,2
5310e25a6cb79eafb21408fabd744f9a76c2a020,0.06337098,0,0,2
8834c8e380b7278fc37a4e6b80a9198a895d8280,0.047625747,0,0,2
b9284992ea3c8c484893517ee9df3b2274296959,0.24282679,0,0,2
939527bcc5b80a1788d876d7e47fb45d71d21424,0.16791177,0,0,2
26e77ea86294f5a9aa929f9acf7dd76a046453bd,0.22876197,0,0,2
3adcd2103d1be4feca870536e8f7a7549f6d492c,0.2500577,0,0,2
2edb7a20f3856723fc715f7c72e10e72ea7df385,0.33785588,0,0,2
9843210e5755d2584efd3496d59e50e721187842,0.30915934,0,0,2
e6cde856d76935ce2ca5323579d2557f5412c774,0.3718273,0,0,2
c460996e75df489d6bbcb732763c10d01e62516f,0.2906445,0,0,2
115198b9c94bc66c7a659a04d0e2f65959ce9297,0.43107614,0,0,2
276552d5e73525cdd29d9e809659d35f34c5250e,0.29650652,0,0,2
c0e4ebfbb0f8c38ef672394015f47fd72ba06cda,0.12332628,0,0,2
c61154272699761265a1f2e5282ff1bdaf714b6a,0.2515864,0,0,2
f0b18d27f01492af6874baa8415ad17511eb5d4b,0.23054585,0,0,2
45a0337e1d9d23126dcaeff9c0ad96c5b4011957,0.34553275,0,0,2
90f4139bf75c94aa1ed62c5f64c3ffd78a1441d2,0.3975079,0,0,2
67c51ed7ef1d7acc4010e45eaf8088bd91cb702d,0.33615083,0,0,2
9acc3e824e2efa2e496df8458d207b5fb5722e6d,0.13386166,0,0,2
9dbf8388c5bfa0c7beb15e835b3a5e6fc74ecbf8,0.4682629,0,0,2
f30855735a40daaffda15794d7abbc6ab8c699d8,0.25138173,0,0,2
39513f9142cb82b84181a11905b3866a49d5a3c0,0.17375825,0,0,2
289e7a769ec9ab110f85848b281c4c143ba84e57,0.23528908,0,0,2
930015a137f6bc34127d7646b36d0550842fedfb,0.23317039,0,0,2
a270ff62852e62b5ac0f943a7e57292a72b77271,0.22730236,0,0,2
9f0d58985f4588981eefaca0408e767eff1bef73,0.23590964,0,0,2
8f346f9f1263b2fd5923abc0956134df15fd9325,0.06968178,0,0,2
ee851e403b5ab4b6b33713b08f9568e966ace052,0.15511538,0,0,2
55e8eac25d81f07bebb16d812c97edaf1393083f,0.15597974,0,0,2
c8bdf60d1d0be609094e14054be0b9af0fb05521,0.1856988,0,0,2
9d4f2ba886b003980f2c37a4de7a3e6c3c701820,0.2151779,0,0,2
8713af90d540e7bb01f8ba1fd99f6c04e41a7433,0.19516112,0,0,2
eed8a7adb3de7441751e846f4a75d110dd205f23,0.09062734,0,0,2
b9e2a97758ba6c007fcda160c4d8b0528bdbfebd,0.19097742,0,0,2
07de4dd578727555bb94ed421498f455838b317d,0.25844616,0,0,2
641aa1c663ebead0189bf001a06ee56463070ddb,0.3188661,0,0,2
b9522976f462687b0693b7229ba5c7faee0cb74b,0.1674687,0,0,2
2fd2a76110af7ae07712af01708cc00310af64ef,0.24259259,0,0,2
5723ce72d04c8ff7af8f245518cc48291701db0d,0.1877844,0,0,2
611c73889b772dab7315c952902d5c649635126b,0.1908858,0,0,2
b5b45d3260bc83d2432566dfbf22f0897240bece,0.17872167,0,0,2
22daa5f1dd4396e94224841b3bf0e9f226e86695,0.2750987,0,0,2
4a9bcd0f5211c91c4c2f47313c8f8013d0dfe03e,0.23684563,0,0,2
864fda4370a8d1bbd942400dd899653fd5d85244,0.36231637,0,0,2
96eddd6ae1427222986eca344b898b3332792a01,0.20724751,0,0,2
8da9a65b6398931af18febe082299c5c4b932924,0.12669642,0,0,2
8354ffffce024a97ef5e05b7cef4a82c263fc07f,0.1545768,0,0,2
0ca8f9b9feb2d74c6373d1762b1eb4a6b1f7f4b8,0.161751,0,0,2
13467cbc7f319f7f7e9e9185a673714736e77b83,0.21741612,0,0,2
e63c5361937cc2598a3cd030f79733cc8c22b6fd,0.1941656,0,0,2
bbf65339023bf627a1843073cab699ca1831aa96,0.2664417,0,0,2
56706c8203ed023a3d21784b6e7fab40375eb9d0,0.18470007,0,0,2
274c9c1d37a47ae9bc1cdec1b0b0e4189dd44845,0.19810094,0,0,2
b88b065aa955d7a7d8f74c427b05d2243eda0779,0.22188164,0,0,2
949d74737327f114ae97a18f9bb4a4f5626b59a5,0.2679438,0,0,2
9f1dabed562e5953af25369121fa7fe221a20276,0.032086547,0,0,2
d86509b09672b874de2f933a511a1f74af6814f7,0.2400502,0,0,2
525d1fd7ca383b3426341c58ba9e2d2e886a59ac,0.03172633,0,0,2
a528bcb1ebafb1eeae14fd3e305f3636d6c04717,0.0290403,0,0,2
c4190304baa18d3a376c3c2232f45f63c479a5b8,0.029920917,0,0,2
bce159a0c905f673b8e0e4c9899543a812fb904d,0.27304438,0,0,2
333971caf33dcc05b6f714fada447e9417f6fdc0,0.28234118,0,0,2
9a6e25230eccfa131d40eefbc4f48a13ac31d640,0.03602406,0,0,2
b1c45ac691d46a8c609f2534d2adfa59c0599527,0.038006872,0,0,2
23747116069c150e26e0dd42d61331b1108e1e01,0.27784705,0,0,2
74ad2114700446837ed451f36107a056301a65fc,0.035718635,0,0,2
dc9032be284c70f53d8f9031cc90e01678a0e55f,0.30367965,0,0,2
6b9e6419fc944d3b5eac58187a6cd56e97328c2d,0.035734612,0,0,2
a424d2ff172aa3be9eb5155e732e6f61915d7b5e,0.28516495,0,0,2
004d5e672e9b2734a4c27f0e20504fc615da3476,0.418306,0,0,2
b6b59b189c1274ae43e844863c7a2468c0e16b4d,0.03549033,0,0,2
73733206b943f8a03d18574eb7585285eeef05b9,0.029256167,0,0,2
fff00791ed30f338ffc085f099be5517dc359261,0.03034531,0,0,2
b8ed8bbd5eaaa6d3e463bde3accffdf3dcbb77b7,0.028406013,0,0,2
256420016e2321dfd266f9a2ebf672516cc936ac,0.029725563,0,0,2
c4161ee29051c6e44773fd1837d2080489727dbf,0.30916741,0,0,2
06e7d46a49c5d31abca644fadc2e3ecf6f9001a9,0.02894373,0,0,2
1e8a31f417256b9f555b537a09c13f1135addbf6,0.02778164,0,0,2
2d79319a8d4a3ea256ba1bb6364c1330518134a9,0.026921615,0,0,2
2a491590568140349f776b2a63bcb4ce74d147ce,0.02624073,0,0,2
32080b32a4eed0719b79f4be332ff5a55468ab7f,0.026317282,0,0,2
3f66e516a7f5833be9c87911952465220acef149,0.047663,0,0,2
2a069edb7e7c46ef3c1f56e8fb6cadb779ed2e42,0.036196545,0,0,2
963757362ab2ff0f1636008815549322fef1148c,0.074914865,0,0,2
9f673d4da60a889ad5fefb6fadba1c40bb3e735d,0.2772355,0,0,2
1688a5a2444b3b636741d5675646b0b74820b4fb,0.22922646,0,0,2
284b6f5477838fce398036497e1acc206b1eaaeb,0.037525035,0,0,2
ffe28c43e0486d443234701ab9d791e703c88071,0.03680647,0,0,2
3761b5514470d3f06c9076b0821430d0c2cb2da7,0.109474055,0,0,2
a36442f0d08bb1a5b964b4c77d4c64eaf251c3e9,0.19420514,0,0,2
2ecede5902f9a132a632b8431a35daf5174e1a80,0.29030037,0,0,2
4a2e49fd8daa81cf2ce331c3a3795844e79814b0,0.17137928,0,0,2
8c44a71208f640835d7a205a7b6e58dc065d8dcc,0.034069914,0,0,2
74abd625bcaaffccddc3ca9faa1402b179c251e7,0.030993147,0,0,2
ea64efd6dc61cd9c9b1207d2da37fdbea14d6b50,0.037488338,0,0,2
530049b41c9f42e11144fbad4d1fec65ff0956e9,0.25500277,0,0,2
66c451d618577c1a1e1bf964ff990574782c3bb5,0.123316124,0,0,2
a10c6b01425a9c21cf687294bac43a63de0a0d3c,0.078008644,0,0,2
f9f92677a92ef76f92c90521904c20b8512b05ff,0.030206496,0,0,2
989135e762d3f00767240e7b42ee9e1cccbe43dd,0.032492813,0,0,2
12cd61925c37177a82d2adc76f6475e662030e12,0.30550912,0,0,2
17f4a06be88ed9c950e562aa72755c7a493b8ae9,0.034369495,0,0,2
c3768b0fba8f2f565118c611f4ced4bd6143d022,0.08860663,0,0,2
16d64a96a0a07468bb8b2d3293d374bd4373cd70,0.15037665,0,0,2
1f0919e28420fbd1568ea1c1fd4cf7b46eca9b04,0.038236544,0,0,2
4e347adfdb1a84535440d6c9f392d134a84969fd,0.04173992,0,0,2
9818f5ce6f76224f0d5d5c8ad583d854b8cc6872,0.03387034,0,0,2
dca231dd1b2629f45e65cf46b6f91803fb448aa2,0.18052511,0,0,2
9930786b2d05890fd071332dd1b9d7d7ad0e1b3d,0.032419104,0,0,2
b367c37c2e92ae652e49b361425bdc7ab3390f25,0.03863905,0,0,2
bbd32a63be1334620c1f52bcf4494de4b1e6931c,0.5449088,1,0,2
6868968abdfb03229bb0dd60e57a502db45394bc,0.0645533,0,0,2
3fcfac543d8e54b93695ea5f32b1820c5e5849dd,0.0548391,0,0,2
af50960c662e2d006dccd4156ca85ba3b2d3d5b9,0.095217824,0,0,2
99d1ccf360643d89b88bdd218fa917d365d95cde,0.03456911,0,0,2
3c32e5384eec3142bb017fde824dd1cc0db48876,0.03165529,0,0,2
b4621118821f29afd3d5ea47eb8a684f4e5ed3ee,0.031004304,0,0,2
eb3f760c1c38fe3910d979e75093da67f685e2f5,0.044520333,0,0,2
efb03bdc301d917b746e6716f2a074f54ded723b,0.02738894,0,0,2
3ff71911718c07ca1016ca855aece547061db85e,0.02466453,0,0,2
01f84f2b0d9c13ac82ad471469b6a5692d0f8cbb,0.39141136,0,0,2
a95c1598ef693cbd7d874c33eae82433693b75d4,0.4438599,0,0,2
6fb796db3d138b4e97dc1fceadf6bfdad74a3533,0.034038417,0,0,2
cae430631d5472394441cc82e142103c3a70dc83,0.118657276,0,0,2
47b76cc60f7b73188cbb47a0879aabfa0228be31,0.35405678,0,0,2
c64d12958fc711d667f26d0173bbaf96157d629a,0.3218343,0,0,2
643590426ee7255ee5e1e661b9e2ac8a9052dbed,0.044987116,0,0,2
31ad1256c66f47e58b7ef40955953e4a1c6bdbf0,0.02937954,0,0,2
3c984c22552eda0fb5b200efb3f239213a4a04ca,0.064638264,0,0,2
95db7d0aab9bea25d3a14db42a7787ef77861f45,0.5959104,1,1,2
1d6f5e40ff44f08fa67c6a2b57f7ae4a5e4b0be6,0.5339301,1,1,2
e0270b0562d42658a57c4fcbf0cddfb5673baf5c,0.50118953,1,1,2
6eebee491388abd2ad61a15d3f28b167c9f0f7dd,0.4483568,0,0,2
ae3f537711b1375c4892130d65cb60928549cf58,0.24970542,0,0,2
25ac3249dc2a40bd52ceccc9251c8446b036d197,0.2089325,0,0,2
6ce9662add46e3cf144be07f7ebf18e2d25a7abc,0.15434536,0,0,2
111c4a5e54dbb1bec6537eca02618e2287bd23be,0.44500425,0,0,2
e30788367dc7ce4e4e2d8152bc7370af8ac2fd0c,0.4272616,0,0,2
b1875ac1abf9ae86f5a589c5144c8c9902a1dfa2,0.39986357,0,0,2
307ed458578e68e68918d3ccdcf4798c57e084f2,0.38779604,0,0,2
0caff290df54a8a3b653840fe257fea94807d697,0.25024804,0,0,2
b44b3d95b321cef0281cdf130e8c286bfdcd60af,0.42671633,0,0,2
8f77bd63d8b5b2ab593b134fef2bf5e59bed0441,0.38076442,0,0,2
4e410e068b8d367c53766a7da712b1b6f3fd8101,0.24290158,0,0,2
2412c90ba5584fed123fa6a33e752e6c8eaf74e9,0.24234821,0,0,2
47ed0c7cdcb4d516e41769e38a9cd5ef4d01713d,0.25853938,0,0,2
f5ea49326cd5c09f0782b0d1bcbdcde9053ee316,0.4449445,0,0,2
7b0388878e522468f90ea163b15ccfba05616c95,0.38916194,0,0,2
a653374b2871d67f51cbb4ad2083444e9c3afe1c,0.55072707,1,0,2
430f96525f80fe4909208ee4d2aaff81c312aff5,0.35352343,0,0,2
295d46aeedf3660d89d6c578b84c410089f9b1b9,0.44020018,0,0,2
7c05411f80b6748b6b2197d2014bb98c8b0857c0,0.30146638,0,0,2
140846cf81678649b6bc29497c3534aebaa1f6c3,0.42757538,0,0,2
0512bc21bf4d0f1e391e4158adf0ae145d408ee6,0.42444918,0,0,2
283e14cbbdfa5bd246a3ea9dee5739959f64b4c5,0.28427723,0,0,2
354b72afb59ff145afffebbeac8a7478d4140e75,0.28892672,0,0,2
15c72674ebb4bd99790de97b5645f1531a3a7c00,0.3007724,0,0,2
1a3d74470eab60d668859571938b470723726139,0.3392629,0,0,2
330d5cf99c1eefe3fe86dae260a8873068650866,0.33620003,0,0,2
586b6ee15f526d585628a7162d10f08deea6a93e,0.4419167,0,0,2
71491e23d68df50555c52db62ae9bfc0a2543b6a,0.4725446,0,0,2
e56b2b598a2742ae8ac97ada82a97655b538ee94,0.4070518,0,0,2
3d129b7e2f6373f7885336225d3edc93b3f624d2,0.3848259,0,0,2
4d3dc80e4b3f7fd0e034d544345a568d6d5c5d26,0.2617905,0,0,2
269e6693ca1f05bb7e2623c538b9b934fa688f41,0.29459122,0,0,2
c2452a5af3b2f1db542175221dbc19eb492f02f3,0.56147164,1,0,2
9ac217fc697b3afd0963b897edbfac265ba2f571,0.49162918,0,0,2
a5f357667b195f9cbebc1d1de8f70c6e0c28dc3f,0.48641127,0,0,2
c3d13908a2e8ca7b9832fa693ca72bc228a4e92d,0.3652558,0,0,2
283351276ff704df65779624e195701a21f0e25c,0.3542429,0,0,2
38e3e41049464fa3b8ffc1e810f87c18d91a7bc4,0.39505675,0,0,2
49eaf68b54f4114a0176ee56790d8415fd64876a,0.33959144,0,0,2
42308f780fe3d0c2223c121493f97c747226bc17,0.43817684,0,0,2
ce5ead2f93b92c815f1304fd51dc3fd3338cf19b,0.4089078,0,0,2
e8ebc1e1dfe2b0bb7b9f549ff35bd2d1a1fcd2f4,0.33968344,0,0,2
a76f39d4b284633c6792d8c7977abf8fb52a017b,0.3657347,0,0,2
97a64af2d6adc157f6ec9e4d4855b2924caa69ac,0.27320275,0,0,2
5e2559e3ac936ed985d5fa9d7160a284b9a83644,0.44920564,0,0,2
dbd77cf4fb93996fb7f312bba2aaddb87e5d6a39,0.38084504,0,0,2
1e8be6ff174f1d7027e848d5788d63ef9827c659,0.37965804,0,0,2
0847a34f6d1f15d3d35ddd9f3283d54c1355b299,0.45678884,0,0,2
d1cc91686abf34d073ffc496506da9ef712984b5,0.43742466,0,0,2
0030e4bbbd3cd3cea505bb1e4f1edbfec5986fd1,0.3946212,0,0,2
3b6dec3c581f883cf9dff6f04512011cf277f586,0.5698809,1,0,2
c1ea2007d4f6527bd174869603f53841380b5c31,0.54302305,1,0,2
87361f16b0eb35ab5fe25fe2ce3cb57a96dcedbb,0.52696544,1,0,2
f10f849935076a7c773283789c75a4c35b9e6c03,0.052647993,0,0,2
034be5fcdabeed034bfb562ae7014e021caadd7f,0.47125152,0,0,2
8c52cbf8dcba19310a569a23ad3e940836b5e7ce,0.6288494,1,0,2
9d4e26a501903d404a809acc8ce93df1751a5429,0.102270976,0,0,2
7dbcbaa0d72723a1682dfe340fe05b2f0d3cd3a7,0.053347073,0,0,2
b3240c0b4dec02d8a511b831e07eb0d03094f677,0.5042655,1,0,2
d37a2097286c6385bf8cc757944bb3568672d873,0.39648533,0,0,2
39ed7bdf558cd8286e62492f6c91d2af73f807aa,0.38076323,0,0,2
100bab5d8bdcbf802af6437fcd778e7f2b9bffbb,0.37475586,0,0,2
21892745c86fa03b465cdfabb99554e9659b1941,0.22301188,0,0,2
511499162fc2ea958f3c78b1081225d335b52227,0.5012679,1,0,2
fe718980550f0221041cfdb56f83638c328cfb9d,0.064836435,0,0,2
8f577fbc1c44a4e5e39551cad677978452ea0797,0.04375854,0,0,2
76c125c3b74a390a39cdcd6666cf7e9cea0e5c1d,0.48129168,0,0,2
203918573c29676b179b673aa7e41366dc4215d9,0.5929261,1,0,2
c82fe35c48bd0082c16644d16d82d1be79d6b9d1,0.19059314,0,0,2
158d178c58e892ba87d782ecf436d30c038d464e,0.20370604,0,0,2
e8c09f05be1310ea2ded05bdd808c46a1e4485e2,0.43916273,0,0,2
b184666c1975fa4050121c694e09a88060854eec,0.46226785,0,0,2
b83e111c619232be9ba0a7bba682ebc141b618b8,0.29460302,0,0,2
2a6c6ca711f0f0d6aeef30853d5eb05bc68c2e85,0.5056516,1,0,2
01911a40eaebf2aefbac34cb2760f7f77ccd07a6,0.2968647,0,0,2
ec733cbbf25c103c2c661625717527448a42663d,0.44895402,0,0,2
300578058c7d6db0671648cbc5bfca84fce6285d,0.47015357,0,0,2
63950ad11917411d82d9adbd0ad1ccc4884ebb4d,0.3634989,0,0,2
f9d6655b42d8e1b1071f78cd7f1e38cbaa20350e,0.4848408,0,0,2
858aa75ed257a24acb983df372f634c3fc6c49c7,0.48170227,0,0,2
76a941217f9272693b5484ef360e8cf6491ef3a4,0.22901759,0,0,2
7ff71807ce589931a56ae6f1306af43c6b8632e7,0.38223824,0,0,2
bb1135e50c27938eeeeb6e6c1ffb3882dceb9f1e,0.23719302,0,0,2
f0299220ba7dc33b1865068db0c184147283a9e4,0.39455503,0,0,2
4a6c36401518a45a709ade671d442e061138d3ec,0.4852354,0,0,2
ae5df796be80dfafb523072e4efb30e34dbee46e,0.4429222,0,0,2
7e19596505676c5b300bddc39792289441634f02,0.29955533,0,0,2
55e9d25f779a3ba726a9904641e656de93a1fac3,0.31154382,0,0,2
3b6468ac4f765262f68d3d289d25bea3da521c16,0.33951512,0,0,2
89b1661fde38bd12c4d83b9fbe696db0c8657a78,0.4664207,0,0,2
f054152346cbd7c8afcdcdaf55c39f9967edacf1,0.06418113,0,0,2
346009fc677b252d052e9ee22c6a4cd2be10a032,0.2763679,0,0,2
4c84e204cbce349f3c5722750561b91607d3fcae,0.45354265,0,0,2
c353239c4fd22b8991e1488ce81218b1c9769bf9,0.4221238,0,0,2
516f6889c9153a59110d3ee9bdd907e95e10cc08,0.48176602,0,0,2
7b6bf45d83c3ec028e686318b8d4f1a061723908,0.53096414,1,0,2
817666037d3c09b9138b161964b0fafc76d65998,0.3282857,0,0,2
c3b831fa7e4ad148d8e3abe2a0e3c089029044ed,0.43238303,0,0,2
5a5bbc662104afe8f020d89d6e560f2897678984,0.46628568,0,0,2
f8c39cfd773d797adc1b4ee19aa8fc17268946ec,0.25932768,0,0,2
8ab0ecd0af3932f40b931e1d84b2951f7777a305,0.043268494,0,0,2
599e57b27c19953487dfa3828432b8ecc7cb8b38,0.09352632,0,0,2
68ae60d779e3bf4a46064fc1b537057478a627e4,0.43438524,0,0,2
c600de52e107d1fd3d5a9c1aa1bdbbd6754622a7,0.053459015,0,0,2
8939061a3c0218dd3fd27f96f3e60e48f74622c6,0.45230296,0,0,2
cff360a340b48070d88a48f06e8748a916ce52e9,0.46237588,0,0,2
52cfbfd91e60db255c3285c90b94cb6e3a75fdb7,0.51862276,1,0,2
ae31e56476646b33b0c2a1f03bb095145a22097f,0.34564152,0,0,2
0b683acf0a5910fdc4235d3103eccbfdebbb18ff,0.4508139,0,0,2
861646b25a39dcdf79bcf5a7643bfeb28e137a8c,0.04571312,0,0,2
3ea4d5d580a78213504a4611fc7bbab58b93db0c,0.48948568,0,0,2
b5955f5948a973a248731b774773bd225af39c82,0.5252406,1,0,2
09db9daa292e74b6bcff84edf406aec41ecf536c,0.15052211,0,0,2
410ab04290294dec74180043dc2aa635ca1e4e80,0.15344875,0,0,2
efe3699122699151984e8499da9d42673a42851a,0.043271944,0,0,2
d2f27093d7d95a07da901902f894d88b4ecc3e95,0.47299084,0,0,2
ca30fae3acb59a5caef3c3c21eecae7c928827e0,0.321791,0,0,2
5ef5bd199a4e3df74479b4b363fa29b0b3092547,0.5429068,1,0,2
9e8eec78a71b7d1274043f55c9a5fc7811d53132,0.4949998,0,0,2
6a0a1876772e74a1d4a7c82669784f8bcca8397e,0.44391057,0,0,2
8c5c6b936ee6d1afb75cc2cbc151887937dbcca5,0.3070793,0,0,2
484698c5415bb578cb480845e2dfa930d3d49d9c,0.23024753,0,0,2
29a7e67999568a5c86b32ef513a90d5d090ad2b2,0.39501342,0,0,2
87f142f5c85c9a7e86d02b4599e3973e773f3d41,0.39067674,0,0,2
d664776d4cf41d7e1e46b92bd8a4e907cd3bd438,0.18894121,0,0,2
847a6d07793a198d28819731e5166f9ed3845164,0.23102885,0,0,2
fea1da48fef9e28026704e9cadaeba3e0ecbf6dd,0.30461577,0,0,2
c7a5a6afd5d2f7d8c3d518ca625b7d8a1445934a,0.03413881,0,0,2
0fdd249cadaecd32a39d25301f5242f9a92ed351,0.49476442,0,0,2
a9690db48eadd3643adc34cafd6ccc5d4a5bf589,0.23440105,0,0,2
e9a2edc877ebf928ad0c056273f64cdc861ba609,0.20760079,0,0,2
74989844d7692245f9e19b0e803d748c73e91e41,0.07921085,0,0,2
4d1c77bae99174b67a462bd5a44950ae08f46796,0.051565953,0,0,2
90211fccfc48dc36b7cd81a1ce18e1506a6f15a7,0.37916496,0,0,2
e246d2ac01f1ac741aa4673aed3d028e08a63c73,0.04731252,0,0,2
36fccb4325f924bf46babd4d8d60226f8dd3f154,0.56091917,1,0,2
5ce931b904d1f2961078b99049c293c11e779fec,0.55420005,1,0,2
cbbeae7719943308494825574a0002ea649b3de3,0.5646555,1,0,2
eec10fcf0c795bdfacef4c9933585f65f953fd58,0.6368364,1,0,2
516c38fd95fff30841f9af370f50cf1f7733c209,0.5698819,1,0,2
33c95771c804abc02223f24a0234343b93ffde56,0.42320752,0,0,2
b88dd3ed853738b8e7fe9652b953db569bf7f79d,0.48320106,0,0,2
a2ba6d54852aceda5e3bf9285730da743ef04e77,0.54505295,1,0,2
350f01c78374b4df99c1a84cc32122eeeb48b036,0.29711482,0,0,2
03239b0ea42312c7b5daf4520c1ce1caaf6189fd,0.23098639,0,0,2
a428e428df2766f1d1b2b793b3f812344fa61fdc,0.32488176,0,0,2
f1a582111a26c4044c289d96ced42fc1621212d1,0.3356132,0,0,2
5c9661c300bad40cbacdb391637dacc991f16da6,0.31648985,0,0,2
daa69a5981c7c12e0af5922f0a07653446261b07,0.23408669,0,0,2
1fbb16b037e62c6af90ab89ab3ac8d3633c59a90,0.32985157,0,0,2
03cb05cebcc65b923e03fa9f41d664885bdb38ed,0.447112,0,0,2
f4b675664a7c633bdd62d5f85fcf3f95d11ade9b,0.44231847,0,0,2
4344ff7331a4f8908478e72c5c232c7a9d5dc403,0.43252826,0,0,2
5375fd9dc55f1dd01e155af8646d1ec67bd6be29,0.7163804,1,0,2
0bc43314c1216a88d0e281e7ed66244c47c57c56,0.3821958,0,0,2
30fce9d42c5675e9cae0db0401181f84a73a293b,0.071960464,0,0,2
abf07558021a0ecc50c265dcbdc5f2f99fdbeb35,0.05506676,0,0,2
3112bc302f32a74c827d672ca84a80091b0700d4,0.048301708,0,0,2
7e89c9cc80bc3fd2aab64f25dd816c6d14790988,0.39238635,0,0,2
2247ff9601374845012558ecf5963ebb7e1066c5,0.079866335,0,0,2
76390c0b54bf145f65532ffe1e7b24639f108247,0.0695906,0,0,2
9a92b8526cd13e092b5185a59c7ff0f68a1ad56e,0.25420582,0,0,2
6ae55beb2d28bd6cf36780b4c58da41854dc8248,0.48622504,0,0,2
d681042e60a3a1e92f4c891ce9dcffd672868e7f,0.0945584,0,0,2
a793612b9e09795feb253aab9a738bd1f7280700,0.059732046,0,0,2
22fe7f3c8b3fa204c2406c3d15811b2581e1b7b5,0.5606849,1,1,2
3856d3f0a0826be3ccc6b160e740d5c7176df743,0.56148183,1,1,2
4cc3f6e7dbee9e3684884780af82822485c4c7c2,0.54175043,1,1,2
4d00e14ec8d1e83533a8aeb788437568b417ca88,0.5298106,1,1,2
b6ae1d09c384b57115bb34ed94c90e256e4b66b9,0.6884418,1,1,2
11fcc89fec70aae7eeda710e2bd26d93cb3c05c6,0.48255485,0,1,2
496691bfd82374f1c1bfee8719309343c2fa878d,0.46410552,0,0,2
6f379134ae1807cd404ed6c9579707e5dc6a6df0,0.5195135,1,0,2
db586baee29fc90f79898e9a274cc1bd585b5f53,0.3576077,0,0,2
a67bdc013c9fd965abaca375b9b47554a115f40e,0.4311779,0,0,2
b745af3975a0bb3acddbc59ef85860d08221a010,0.3967814,0,0,2
90a73a4dee53129e33a552e49cb7835ecebb3a5f,0.35741466,0,0,2
31ac0e5f3594a4517ba2be1735b1219cf85c715a,0.37992758,0,0,2
5499fa02b08b8546827a1a055c5af3f0245257d9,0.19355993,0,0,2
1261172afdae9a4b15dc9f691583261a1b020ccc,0.06791585,0,0,2
64573bb2e0bd2c7a7b1282b8a574a4796ae61609,0.4063908,0,0,2
b09b95124bc27f39e27ecfed90ce40947bcbf663,0.16832435,0,0,2
5481dd326025de2da7d89089cb969759972e7a8c,0.45249233,0,0,2
992911d0fcd230497ee3fc50dcf49042b7372a47,0.22132947,0,0,2
d0595b7121f57f1f49fe7fdc384479dd73ad64f5,0.21407811,0,0,2
cd1d329dba95dae161317c123269c24282001a66,0.3959171,0,0,2
3e3a1388368e8e4421fed0b5222904d40a8805ce,0.16849484,0,0,2
9f5af267e8c143e16f8b20fddb02ada096ee9df8,0.45312202,0,0,2
f8a7156259dcc1b3321086939234d80b6ab828c6,0.38673368,0,0,2
661008f8238acb71301b172a6aa9aaa8114d0c9c,0.18563072,0,0,2
469cf4d886f9a184168ba2d179899a600725d4c4,0.04270281,0,0,2
12d9a805a6df7afdccfac94a7061d369cc986efa,0.22348829,0,0,2
e83b4d8484cdb3dcef44ce3aede866663b526158,0.37602556,0,0,2
ff0e842058091b3310340f51a130a65a1cf6f725,0.049423467,0,0,2
a123142d947dbf38fc053c29291b555872c91ff2,0.035074376,0,0,2
45b5e0cb3a4a499ff8b0594c082d490d7b7b7c1d,0.0410884,0,0,2
29ce3e0e9ecc31a5c3cecb19246ff978fc7e7c20,0.043234095,0,0,2
3bf9dad70ea4b93de850312cec2681f3242280c7,0.031858157,0,0,2
90d775ce2270c35a7c514f5638b8a3b23d5a4f3c,0.034272216,0,0,2
0194bb8ca57e5a4a3fd5fe3c39b0ccdeb4711043,0.19114672,0,0,2
f8e33e702ca0570076c58eaa7a83baeefece9553,0.03952417,0,0,2
6c203ab46b24751c285f021caad9d8969cf2f45f,0.034103967,0,0,2
5b56985334a63d63cdd9bbea30f225013302a7d3,0.25615418,0,0,2
bf0dd95b52e0627c10c072f8b05fbad3f86fda71,0.05003998,0,0,2
bfbe9966ab45dc4787fdbc55735241023d826d95,0.03677494,0,0,2
69f38e81872d70705fd7919df3d771f28c22dadc,0.18384057,0,0,2
c5c231e643365485c5805cbca81070a51429de9c,0.04104517,0,0,2
96531689d341eb26103356410280447e94529b5a,0.29818055,0,0,2
da7e55cc7aac7cb806699d234dbb90a455c21502,0.095729865,0,0,2
6913193d33ed83bcb98cbdb94ce410069ce2513e,0.32895702,0,0,2
7f65af524d6b7fa43743a3c5593c3c57fee3e9d6,0.03874622,0,0,2
4493ec15a72045bcea25a4c6c9b4858ad5448b7f,0.036272418,0,0,2
1f207424031bd81af858ffc98e64152b3ce2f22c,0.060206912,0,0,2
cf9cbbdae44b88a7cc982765bed085b434f4816e,0.042691942,0,0,2
00d9578b74a107e3811c407ecc3da2bcdb166f81,0.11834066,0,0,2
3410aed6696622cb6b7b8bec088f9a92ea55227f,0.3538451,0,0,2
8d34352d3ca40ccee76e1473d3e132f7bd8d4a62,0.5546098,1,0,2
a04afd1f20290d0097b1ed9ef2a4f476e0b79ac0,0.22188851,0,0,2
825419f9128cb7bd01ca31b0179bff96bf1a5ce5,0.4234043,0,0,2
6215969d2a1f8d95667c208af868758c8636c234,0.25681362,0,0,2
79f997c1d6976f5327cbe5e80676a65245d961ac,0.05506101,0,0,2
4ec3674e06fd98a10de28be7ba6c6036e64116fe,0.17887366,0,0,2
6eed45b023ff3c609ef423f28fc87b42d0614f79,0.042436484,0,0,2
002e4de0d68ffab9af339283f02659472a1febe7,0.056697037,0,0,2
ef8eb3d269274d2e6e4915875d027ada1efa0470,0.037630543,0,0,2
78b8d323635b47f68a93da04f04d221f3412d9e0,0.4483745,0,0,2
055cbd0d42dfec901c7b2532f7a71f937b1d4756,0.21107846,0,0,2
771841e493ddd9839a4c029db6b217fe19968148,0.44657284,0,0,2
39f6f7fd6333da2b983f7d9001a7a51f31fa9434,0.21499576,0,0,2
6bb1b9a7bcf9d4d1aa0f4c12bb0cbb4cf4e2cc71,0.20091608,0,0,2
4824774675ec1a2c9e7b1469dd93a6bd09854210,0.385034,0,0,2
717800fc588389b143b5c8ac20a0289a9217715d,0.42743403,0,0,2
0471658da03f5b01537153a72c0ffa7132709900,0.18197307,0,0,2
bc69f94466efb770e78d1bd89a8a1bd460fc437a,0.030909097,0,0,2
7a4fc498fbe96e83af20c5d0576c42a761fe3d95,0.19267064,0,0,2
3e438a80fc5ae21862125b13e9ada9b5c30d27cd,0.15249677,0,0,2
15b4031ba94a60f20b854e6ce2c7964d77086387,0.04602854,0,0,2
543970edafd3f8e08d945612d09663060718ae94,0.17714216,0,0,2
80e4a06124a712fde81bbee093ba2ddd71851c93,0.13254932,0,0,2
454a82cb2ad2853544e641c8c80f5ed34bbeb1c5,0.124453105,0,0,2
a2bde0190da2e32a5925df5aae1f2c37a4498bf0,0.12364788,0,0,2
f9dfa3fa6b9a28439f1226c202c41df9fe2e4380,0.12509692,0,0,2
c50da916c252ab282d978da3f114b81d91ec2912,0.12781611,0,0,2
e0bc1afd7878a91fbc30e79941af8a797637ef22,0.1583067,0,0,2
aa75d3aebeb30d1bb3ab0ecabd60201bfb3aaff4,0.28415468,0,0,2
76f12abd9d81587eda4c50e7816c75607b4b23ee,0.19528492,0,0,2
9900d951d41ceb438be79b2bf1822aa6cfd1f37b,0.028357774,0,0,2
f6dbdcf3acc3009f3ae17d607a2ac898e804395f,0.32774043,0,0,2
110084e432a04d061d71768c23f500f283081e31,0.31037295,0,0,2
656abed01d37434d69881ca1292dee710209bf51,0.36586347,0,0,2
d6d2307a9ca0ecf8c540b3bf7183de5d550ab099,0.0923521,0,0,2
801f4f4b10c788212d555729d5eed92ee1a02036,0.06348991,0,0,2
5fa1935c52f3866f0675e9fd64bd04d153b9f225,0.030267077,0,0,2
d728087751d2e6f19504876d7a3f40ee7b1f4d28,0.04330858,0,0,2
e0fc7b4dc80a31bffc8c8f87a2fe4153e6cd0cfb,0.19228745,0,0,2
5b743d5e7270fa41de8b4fd6ced0d82a6e38c38a,0.031297863,0,0,2
dc565c4fc02421b58db9c0f0cb9bfe767d904216,0.034080196,0,0,2
ad56c3889328fed27f021bba3f071f676fc4ffe0,0.2664006,0,0,2
47e13b0fa2ca7fb11e52abd429d538c3c9ab07ed,0.06010052,0,0,2
97c6c963e2045def1f19c650f638b304f6464c19,0.038138747,0,0,2
0b7369cbb67e46586e9e031c693564ce7ca583c7,0.14496212,0,0,2
2fdea0d5f462d48a97aaca3b987a716ca2934f24,0.0900715,0,0,2
2645862ccff2183b731e7d6f1a66df6f2b04a99b,0.035022844,0,0,2
27df5e894a2133e122ca7e78c5de45d26f7210a3,0.18776946,0,0,2
619aa9bff4055f51df04f5f837605785a998e9b8,0.2065716,0,0,2
4c55341a48427f7bc0ce30f0699c673f7e69f63d,0.03329628,0,0,2
27ae87a59cb2f0d06ea21d4a886f3afb9a14247d,0.13108477,0,0,2
962128ce971b2edd3fc9e4a85b417fba01a0246e,0.18486291,0,0,2
287254724ea66841b932fb5f6d8cbe37b04eea81,0.58873916,1,1,2
2b0fdf8fe719f234635f652bce0a5b2abf03bc4b,0.40796933,0,1,2
75d8364771414b52179e7084cad838b6c0a0660a,0.5159392,1,1,2
1fdb3a719283209e417d57b2d77ce93540de4cda,0.39548513,0,0,2
174f3ef3f43b680468d7535d5fa8ce3fb3a4d113,0.49868348,0,0,2
8ff705130a6c360e7d2009cb9f1a4d0a307985f5,0.31238273,0,0,2
a61f3728d4e2c6454dd0069148397745b6b3a5bf,0.35370824,0,0,2
f568436033fac9fe4dc9b38342a029f20c79dc96,0.048311763,0,0,2
c0b874406621ebda3c44029ffdf0f6017d6d8c22,0.36867106,0,0,2
52ea3c337615e386507dbafa686d1f02c03a4c82,0.109009564,0,0,2
8688adaee68dce1c54c05b44946635973b37fa06,0.36179677,0,0,2
27f467b4eab7864a4ff799fb2289cddd2c45d30d,0.061626956,0,0,2
1ffdfd2ad15f4f62b9474a2ae72f2ad0a42c6a98,0.5152071,1,0,2
24c8eb250b9c7dace0efe91fd1f36c799b174606,0.397244,0,0,2
060cfeb90df4fda2d572fa63225c63e304c8615d,0.26843196,0,0,2
3ec04d06cd96131c7d2a508e1526a07f33efb490,0.36598912,0,0,2
ec3d2af993826b57cf47446d809db2c8b49c7a77,0.25854263,0,0,2
f79ba553c602c9cd1a673c30db79edb6b38f0db6,0.35653195,0,0,2
3e6117dacd54430e555a42a5fb8177f4553fdab6,0.38668284,0,0,2
7ee877a4db8c6d6871444abab28e95e9dad7c932,0.34595388,0,0,2
00c3c8dbf20322d372ebdc28c2b9fc25926a766d,0.31022322,0,0,2
07c01318ea4ef19ede234484ed102f94391cdcbe,0.31319565,0,0,2
f56aab06534e643ab1e413c36e367fa25e24621f,0.29977822,0,0,2
6d1c4002aad95031c84bf3bfa777852492d23fa1,0.5024346,1,0,2
7e3c917567dc3163c2228dd01e4ad90dd0b76320,0.3409893,0,0,2
167676d596bbbfe82a52f0dae6847cad025dc095,0.030554743,0,0,2
9c24b00d32acfba096d8b3fc12168bbe0ac4ef55,0.054050416,0,0,2
0e6578069293282865a3dd4843d4f80f52476e7a,0.055556934,0,0,2
81e60b1eb541557f5be44e7f663d5a816fa90227,0.47132403,0,0,2
e25b6fedefdb1967fee9f64e0d0242d6472ad828,0.13039221,0,0,2
7f8236cfa274504e0f59b95285e7fbf2efecda90,0.33392036,0,0,2
ddcfef13549be8395d2c9339632b3ebe80363d49,0.65436256,1,0,2
4a5aeb1abe8ef10eeb5488e04e688e2daaf4eedf,0.3276961,0,0,2
13ce8fe63c8972c54ca717055c231bdc487d479a,0.49194854,0,0,2
8c12ad11eea80440bbe691cb50531c70f53cce95,0.3519185,0,0,2
692be5e1d4326c6e505c10e8dfc3adeb7958bd74,0.45784506,0,0,2
a733b7a87ce7abc0da33a3d56da82b72407683d8,0.39292747,0,0,2
13218943435188789ab706c2d97da8e2aba1770d,0.40133515,0,0,2
581baeaa99864979aad55bdd45f054c8a53c341d,0.034901872,0,0,2
80fced6db6c15d7833e2c06fac4098640ff4c742,0.22822121,0,0,2
0ff845a477db67a485e7a8c1cd8265e520bc8c05,0.170868,0,0,2
66b24cabe95485abbe4398ff468a57e5ea0e3cf8,0.3143186,0,0,2
5ec70549ae7e7d2eb97d3d56e696dbf0cef7ca35,0.26473194,0,0,2
82c95c5f951ec316a717d72a46e9f1f7792dc818,0.5407769,1,0,2
0a4b1c3b316335a1ee22ea86c28c1cd58b1bb583,0.15040392,0,0,2
6e710a1f78a4a733020a4b2d1f07b6fe4c6684f0,0.70120513,1,1,3
951b253fc38c09114d0fe273a3758a15c151a8b4,0.7416541,1,1,3
f3539c7eb312b127122084279002d3fd238c9a17,0.7360759,1,1,3
7aa5ba380ef6aea0f2f594873b4c7378adab0f18,0.687427,1,1,3
def1380280b9be6d166d3938ea4b0254e9b55dc9,0.79169524,1,1,3
cc06ae9bf7a1fb6cee46c40d2a6388ac05d3f5d1,0.74814665,1,1,3
7972f1ac1b85a5174c9f293ad98abc87edfe42e6,0.80737513,1,1,3
bd1c4ff86fa21358949e925274f5b8146f5d02cd,0.6469057,1,1,3
be2aa80bc371d600ab2230c545051ea6454577f5,0.743426,1,1,3
68b033741b02c3ae54d649e858790732bc5c2d27,0.7976035,1,1,3
4f5d25205a9cec988de300a452d641a155406b79,0.7149522,1,1,3
d1e97bc85338c563f4f732bcf917a08b3cbf4792,0.7847043,1,1,3
d40c01673e866c3c3b5b51bce66e9518924cc31c,0.67159724,1,1,3
5f7d5690a97b2ad95bbe381695638f0c7ca2c4ff,0.10098604,0,0,3
8d340a008767c5d954b7539e825b4c90eb15ab9b,0.06462619,0,0,3
84e490b66f61e11366b62efc42e64b60ae7db35b,0.23757237,0,0,3
fc939bf6838f4bf986e0b42fddee3df6712371a5,0.07027062,0,0,3
5c798eb50aec6040f415b6def1912d4345f8310d,0.06423036,0,0,3
d1758567765117cd395ea47319d3acde7fc663b1,0.07063782,0,0,3
517b8beb06f63301629f0ec3f58f6b667061d3fd,0.0826886,0,0,3
5c715cd84d600c0df0215846efaece2ab4673546,0.7123811,1,0,3
dff4cea14174548f52d6fcc66c9bfd7a339b7336,0.5419591,1,0,3
02ae34d1d3f3c9f9c25160cb14c119958f25af13,0.24138585,0,0,3
8e0e1c32ff1ed1da4f09fc9917812e6457e6fef7,0.08837127,0,0,3
18c5b2536c114c86b810bb3ee94474fec596a462,0.08125399,0,0,3
c6e4d8c9f534d3e70e79bf718e40724d56186109,0.29369852,0,0,3
5b5ecff53b50a67179f6245bf60047c59f027e26,0.08339121,0,0,3
46dcd98ceb70720f96d4cfa23b001ff108bdaebe,0.098790996,0,0,3
dcbfc80c4a14b91194fc8b74760b079cc0a4ce42,0.07384778,0,0,3
23492711d234f2fa647bac46997e361bcf985423,0.09788606,0,0,3
f10279a29d47d389a31da907695673a992555adc,0.7060405,1,0,3
8d5925b52b48b4c69934ea5c48aa298a2ec74e84,0.5823801,1,0,3
a30aafa016409048747fe9730d6f7892eb12d7c5,0.07595116,0,0,3
a3611513fc4de7234ef49ae46d646b0795ac7110,0.091222435,0,0,3
d0eb1d1dd1d9aed27c433d78a76962340fcbfc1d,0.15234324,0,0,3
1ae9dfaf45e0a51ee7d604551f7e1932d1787975,0.05947703,0,0,3
1c2d56e8a91b0f64317a9e02cfd4b45b03d3019d,0.067494646,0,0,3
2cd92aa6e3f44df6b0552a28b83022a7f92f8946,0.12978002,0,0,3
79ad715f02e02af76da0c6e47c164a80768a01ab,0.3074998,0,0,3
e5b948a1687270192753993c998d61c7a91faf49,0.0714813,0,0,3
b81a48d78dd9be1c3eae57cece4c88df92c30247,0.12479622,0,0,3
0b873b95a840f8cfdb51f4ceea3b524d46d20715,0.62541884,1,0,3
e350a38760c93e373562d6a3e906df5904250146,0.07170576,0,0,3
660431cf4f7e2bda887a0e35ad3a76bdccc14110,0.04885913,0,0,3
f65e9aa63f8f266023a986507834585a9580c555,0.08503688,0,0,3
535cbcd9f20b29b3c5a5d69f654cde57969b3788,0.092496,0,0,3
2d650f890ff1409f2944bc56cdc4b518b35e06f5,0.24430719,0,0,3
1c4f7bde1c8f7d8c0e09484daa626fa4f40e38e6,0.57578444,1,0,3
b9a22fb6f6f460287993d3cf087ae5ff036a6c21,0.124613665,0,0,3
14d6a09601b68f60e6b18142b597a6890e5d581b,0.62860405,1,0,3
54fdc54dd24c9ece2bfc32ca12e88545ec923a96,0.26316807,0,0,3
0ff7c091143e8326eb88dabce078ca76778a587b,0.5695875,1,0,3
32ed6601f216dd1300876719cce837bfa9824e26,0.32699692,0,0,3
7df11e15457e8d8bf4e5730d20ec2412c429e091,0.5719613,1,0,3
15f7f84678a24533e42f2fde230c5f68d1b33035,0.615458,1,0,3
2499f70cabfc8d17f2c6de124a81fc0940a70fa9,0.44078568,0,0,3
6526a5e83c1fb9644da34e44fdc5a3bb8a357c84,0.5124625,1,0,3
5904d90ade8663f5552b51036740352a9b796892,0.62756795,1,0,3
fdb75911387f77912c37dcee0af4a2f2e0977f3c,0.08629259,0,0,3
538a97b115ba4ea44c57898ac7c4fbb77fe0e9b7,0.6214367,1,0,3
fa0478f4f6fb724233dc3e00a9f8dc557ce7cdbf,0.18838224,0,0,3
ec81d7ca5100fd97fe8428db02a2cdde967ac87d,0.060134336,0,0,3
81c40b9820625d3f529b116baf6b4a3d45dd2f75,0.10087864,0,0,3
2b085ae34295d5ae1d7eaea5a55a2df220bf1bed,0.195507,0,0,3
d6a354e203e4901d3eb6a36b3aba620fdb222da7,0.65417534,1,0,3
37787b96ab21fc226ff267aa26ae58a58b2d20f8,0.15376803,0,0,3
f2f704eabee027175b0c1eaf934c08e7721a9b24,0.08796733,0,0,3
e1fc87d2d57c2d7ee941e651f33b582fb000dd73,0.055142354,0,0,3
fa8f024d082998c7ae48b21f3eb6f8f2ca56a719,0.074027985,0,0,3
6bce493e47fdac9e64a9ae1cb3c358f31975a43a,0.064986214,0,0,3
9daac904cbc627e4a43e72f72159c552b25caf74,0.66561127,1,0,3
658d5a97c708a926b0425585f9437a0c1fc2b81c,0.5454068,1,0,3
db695fe90b181948f271e4970ec83d4de9348577,0.05949969,0,0,3
9c06ff87decab7357d44d8766f6a277ff887d921,0.39554733,0,0,3
198d448ceab2bc061d18a1a689056bd2b96b76c5,0.33283344,0,0,3
46b15af8c5fbfb026be350ae16eca89fcdc87aac,0.064046,0,0,3
b7e86cdd772cc47a031d187b79d075af8155c2e0,0.23945162,0,0,3
198e589e62f687a91d4c27057ebad918e9f9bf3f,0.053473506,0,0,3
fa510146c09a498e25e590ef5cc558074337fc4f,0.050183307,0,0,3
badca06dd1c70207215c7186a31955901b637661,0.08067686,0,0,3
91ac1574aae31a29baf883d2cf45e4e1f5aa9bbf,0.070970684,0,0,3
82ca28e2ec8fe9771f01b5aab3386311ecab80df,0.7256826,1,0,3
9f8120beb6b351608652002e057f97f8f6c0dfc3,0.08183808,0,0,3
c66b23747627a2b432e0068561d457cab9f97ead,0.067795485,0,0,3
a6a5e3033d424468cbd3a6af051aabf3b5bd4d00,0.24656121,0,0,3
2902a9a3c07e881dd7aeae0a55189facfab1966c,0.60002416,1,0,3
fe487b3336f8279d8b74eff05c5ebfe6e01281f0,0.5416066,1,0,3
3076802a78f14eb1b4f23831d5a1ccec79b26554,0.07572616,0,0,3
5063d256221e7fe8a8c433401bea988d7ccb0a35,0.061219174,0,0,3
a6b9ca3f71d44dbe2562e13d63e4b30fcaccdf50,0.14208208,0,0,3
81fec3193ad12a0f78eb021c4a1548484595860b,0.32035485,0,0,3
902a680951f318488a4bbe0184a3a223c5709b01,0.12921485,0,0,3
b84f786db6d85cbf9973adfccdf135cb71824b87,0.075322814,0,0,3
a2b5c7a9aa0b5f617502bf6003d43913d507a11f,0.3812899,0,0,3
571725cb7bcf091b5457f1e2a857aa51e8a70f7e,0.11885455,0,0,3
10118c9c1b00d31868d6ab43e8171e3c16efdcfc,0.07346326,0,0,3
ee94e6d82370b6b6086cae2693dc2fe31388fb64,0.33650538,0,0,3
dc58a824466ed492fc6d5ab11960eb86584eff26,0.3434978,0,0,3
56c04300e8f05bdaccc2ec60fc751c09d86b7b68,0.061732113,0,0,3
03542311e2a461f0324ec700e98e78b5540bcff8,0.05941892,0,0,3
4746531428aaf9e3ae7d505b5a203350d138ea41,0.05109669,0,0,3
05b14fd01e43ab8a385bcfb53102a270ef2d9375,0.53550065,1,0,3
77868bf772a03d61701bc0d32dfafea63a0382c2,0.6828803,1,0,3
83fcd3e1e220b9f3aacc63aeb4da0a898684dd0b,0.54603297,1,0,3
dcde20001063fc25f622e4b1c7775f735a7255f0,0.5472614,1,0,3
82bd5be8735c01a767fc3ebc3eb92369ac68302d,0.56646216,1,1,3
e1188f368087ba4bcfada44d645e4f8661d7f9b2,0.6456666,1,1,3
2c03505da053d07cd3f729692738912bdfc2a5b7,0.68009907,1,1,3
3fd058c02a1f8881110409be33ad56d3af6386f6,0.7382726,1,1,3
bb3ddfe426cf4ff5390f742d35bdba02a4ce7624,0.6372182,1,1,3
09b1a632c17b34650d2bcf748be14690c9882e52,0.5043283,1,1,3
539e1ee1d68c27defd0aaad09a1a0b68e059de96,0.061258633,0,0,3
da69323b29fe8e373364b9399bc67523dcf2af62,0.116725564,0,0,3
c1ad21bf966d01dc5cceca82f102c0f7843d5617,0.10574842,0,0,3
efa756288e712849c78c4230df05c2d1abeba91e,0.043812405,0,0,3
2f757454dc41f4d130234aea68b348da4f12a0fa,0.04634953,0,0,3
24b5e00be753889e4907473ce57271acb290cb67,0.24389589,0,0,3
7f293a06a0b7ec9b554d51f150991efa9b7dd54e,0.318016,0,0,3
95a524ea06e546330ec3d95b9c139b7edc599b86,0.11548233,0,0,3
314dfa80d4e815ba3c689cd3ad0d508209665bf6,0.3900582,0,0,3
c07d659cf8f7b16452472da6052a1de326bcb6a4,0.045329805,0,0,3
545536e34f180edd32fbb21b0a5613e6407f0980,0.057523426,0,0,3
225afb8bad88c9bbb70b24d9ac3c28fb21f39465,0.38978377,0,0,3
041e9565ab8b187ad0b88780a5fc0a5ea24f29a1,0.32752895,0,0,3
c4828bfd09ea8c579fa8840cd77733c64b8ebb39,0.061630577,0,0,3
dcaacf4cae54fe199055830f097d4ed504b3238c,0.24398187,0,0,3
6f22f4b49c2a3a59840d28e6cbe0c37a56ab1f90,0.46314907,0,0,3
41fefde64401d2173ff019a896c4dd72b4fa5636,0.055236354,0,0,3
080e96a6cdea2f5fe8727b8249044b89bc54395d,0.06872247,0,0,3
497147e3e6ba0a50c32817e14985ca5bf1041f9d,0.37234426,0,0,3
40708bdf04dae6aa49bf8f3617f2efc16c83c5f8,0.5391809,1,0,3
84ad767a87c69a265e9105c51efdd87ee57b8635,0.24732476,0,0,3
f0e8d41fc8cc746ba9b66b72646db6bd8b25c6fc,0.40039235,0,0,3
df5930892d9c6eda392b96bdae2e7afd342f7866,0.5562176,1,0,3
0cdcb1fd8df9e9185cd3abb128d927d25d7de8b5,0.42428657,0,0,3
cf15c51722dd4b406876dce1ccd52eea787d84b7,0.31586957,0,0,3
b691f81b482175665b45cabc056e58ab0df03ff8,0.11013234,0,0,3
fc8ef4d22c95b13b907ed14b19cea8ff5fd1e653,0.06492126,0,0,3
8054f746bbd6191f5a297cf6f7f26f9fefaba307,0.08948512,0,0,3
fa21d6f7e70f057c42d4af9c40ed47d3d841e5b6,0.0989583,0,0,3
bac647543497f0aa2a9f92fe726e1eb18631b4cc,0.4510082,0,0,3
cc6ace18900eb92606b6a312cb1ac5c4ab5f435e,0.20562588,0,0,3
c947676916c99f2feb5e183aef9629a1b21d863f,0.07444576,0,0,3
1f3dd9ff8a4f8302eb4c0bf4072d2bb7d8aeddd9,0.07901854,0,0,3
ca7f64f016d8354aecd38ef73405e1b3267ca791,0.3072397,0,0,3
06005610265c342b52051b997a43ad6e963c5a0f,0.28585872,0,0,3
4a8068579ea5bf1e637f8bed09a203508abde315,0.04991148,0,0,3
30c217ec400b9175e9490807748ec3e48fe2ba22,0.41777727,0,0,3
d80acb29c04a8e92a3ddbc539b0be8a521098870,0.6734105,1,0,3
e43138b0b5f0912cb358c0e73eb6247b273eba75,0.50988775,1,0,3
1b84f2ee7a41e8ab12faa73130187763ee5858ea,0.059878897,0,0,3
4b5ef21ed6104befc80e1dd501f964e7ca6f1ce6,0.053314257,0,0,3
c6c1971ca1fb5054a0847b0884488165606bd703,0.05155714,0,0,3
68e0a9c71443738b1842e99925d37bf545f5a151,0.07943267,0,0,3
7ebc8107a22038c06c0b0ff095f9f73d854e1422,0.11238831,0,0,3
9003b5b5aa4465e84c934819f45c1ab4365dc51c,0.53299546,1,0,3
4b8647bf6ce2b478e6bc90d0158ce81939a14378,0.12550305,0,0,3
2d1614a2077eab0b981d4a0c4c6e10a7ecda71cf,0.41792494,0,0,3
3631295c437c5b8915afc7b2b259496eb2d5d782,0.5645143,1,0,3
b12610d35e7798c66fc1d9b0811d10aadb87569d,0.054472312,0,0,3
f3a785108f853e327001dcd435e92525d7fba96c,0.37634507,0,0,3
881a4ee8db1e1826b749579d2284ace982c953ca,0.19788076,0,0,3
e91d0f0510ee8d69c76ee89b4e57341418866c6b,0.062641986,0,0,3
8f7c59ce888a687a6c9089caf0c5469984a073b4,0.06232935,0,0,3
3c644cf87ec8c0e6313b3a10b6cfd66279b8093f,0.24879172,0,0,3
fb7e1e265dd9e560b3a3127a6593b6602f60026c,0.062935024,0,0,3
1c9c43c1d4bb76d7e47cdfc9c6681a38305a95e4,0.1884227,0,0,3
18f181ada7826542725fa4a9460307d606695b5d,0.7368238,1,1,3
bb7e8951cb6ef08ca9df5fc036217c3a45c4d33c,0.62440884,1,1,3
e280c8636792c5426e54868d464c9d28287a98fb,0.58410907,1,1,3
54a7796ff234a9cbd2c66f8b1e5621f0898402f1,0.6537988,1,1,3
8e5867eda8328e4cb2e103d098d0c9f3c2fab50e,0.41132528,0,1,3
e42da5d9d21438c220768464b6a1f5b36bad92a5,0.5381758,1,1,3
c823ac5673e9da094a3b24b99987a533c548dac4,0.67149854,1,1,3
7573e9eec065ac1ccc2134aa751a191da3ca3dff,0.46097738,0,1,3
1cdc902f3d7cf877b4db7a31f19eb1dfd2fade3e,0.6293687,1,0,3
e9ea52189a92f7e2ab051e4d75c4e0c872034b18,0.29134372,0,0,3
ab0a2f761f4529daa0a1e7128ffb8ae417a0104d,0.07550039,0,0,3
7ebbaea90e8002f5542e22bbe92075ffb5383d2a,0.4699314,0,0,3
721730b00b1dc2ea616a3e7958e4ad15134de975,0.07561141,0,0,3
05aae985d9d0e26cf278cdd6f69672ebe3f8ed92,0.2424591,0,0,3
f7222ca6c3b6c1018a52fd649029394e6608f1db,0.06303113,0,0,3
b285f17023da248bdcb3093283e4b9e930bdd09c,0.22240572,0,0,3
af858a6ca224946195b1923a780678b20cb99603,0.19484523,0,0,3
fa027a4685bacd9e32b3bc7d875717b4457f6829,0.52078664,1,0,3
edf56632b8a5413f5e0adfe2d1b65e595b88a1d0,0.27483594,0,0,3
58693fbcb3236a9adb0f47088d88ee3ef7178cb4,0.46366507,0,0,3
91291520cfd5f6c2c91fc242018860c5d1d277e4,0.49756232,0,0,3
7bbba6995a12412cd7cbe1ca693057c5299ab4cb,0.53005975,1,0,3
ea030e732e3556a2a4fa51bcaabc080927ddfa48,0.35037205,0,0,3
310008f48c0a830138d35b3024106560d55b6bd2,0.336945,0,0,3
ca22dac3f852c7290f60c3c3a5d66fbecfba91f4,0.11130305,0,0,3
bcba29320f5f6f860335266d6be8249418ceaedb,0.07931627,0,0,3
9dc30fddc109504fc80fb62e33554d54cca47faf,0.04945395,0,0,3
764f56955d499fae11db1aed6e7f0d2d0886e6f9,0.06592869,0,0,3
2933e5773b1d64a9348024b2a6e8dc6dc90e6590,0.49884182,0,0,3
0fa8bcc008b6a011d6fe41e64ea4379d0b57f20b,0.07145648,0,0,3
7897aa6a83a5e63da487e72c2735fb042259f6e4,0.22399537,0,0,3
3b501993588d27d91ad526a436e3a10ecc8d6e8b,0.044538695,0,0,3
b353d07bcca9fb62ac387d69d3e99004e27f14c0,0.5975916,1,0,3
6b43922648fe2dfcb4cb1aaaf5d795f00a6aa174,0.06828957,0,0,3
b268dfbb824ef307862e489aef7e71bba4cdcac5,0.10188788,0,0,3
b957ee1646d893fd946a8b9a53c779957ae7a240,0.03654645,0,0,3
996c0c164a083c3dc2fbf2768750e3b3a81d77e0,0.5634052,1,0,3
12ddf37f23cd77903729b3e611ffae10e96ded47,0.045650516,0,0,3
7e6304ce63da6c6341cb072abfd08caf0456328e,0.14987758,0,0,3
b9b73fbef5c0f18aaef22ef60442518d7f23ec83,0.24815409,0,0,3
675d4c8fc848ec5438e48deb2e8218b6f0078814,0.08625464,0,0,3
dc666f419e691e6a04342bdd9cf2e899455a8738,0.09752302,0,0,3
9bab875f03ffea0aacd1d92fbbecc96d491c1201,0.12295956,0,0,3
8d3d915dbd0ccf716f0d15b6b2396cff214d9cd3,0.5385365,1,0,3
326beb22c6aa872cbc0ad3706cfbe706bf9eab41,0.4853448,0,0,3
ad882055edb50369bd174ae56a372838aa89cdae,0.08593026,0,0,3
a7363a2ae67b585790896de45f57154474480fc9,0.07478311,0,0,3
2bc9e7ea86a8cc1c3b2436c46115c87080228004,0.09977515,0,0,3
76f154179b8dc6940355d7fe7db468314ca39e84,0.24861906,0,0,3
4080feff61e8dc1cd4af2361990c33c9f1014147,0.052008387,0,0,3
97accb47de63ee5063eda23641c6017e29ab81d7,0.04507073,0,0,3
cde43197f980538e411d851735ac7a63ddd613e1,0.048606094,0,0,3
0dec6e76fb544fa3e8bf5fd17f16314735971dd7,0.6460943,1,0,3
f820d06fc0d1204b0cb386214ffeb42ccec669ec,0.04333648,0,0,3
566c4d59a177be4b65d17540576eeb34d28d24ce,0.60112387,1,0,3
a516976947341e0e18bcc0858d85d34cd0c02cdb,0.61086434,1,1,3
7200c43dea3dbfbd9d38b937c44b6e71744b05c5,0.7192465,1,1,3
596ccd59a11ad5e9fda19ccd0f4fc714d8d3394d,0.7079136,1,1,3
301ad592142079d36f4d33f5309c103c7f4f5dfb,0.35980722,0,1,3
f8a8ea748a0b3015490ccecec7b97f0ab2daf9c4,0.7019012,1,1,3
8aec465b44dedb7deacf80111ea5286914093094,0.4003282,0,1,3
34f3f4196084768b2ef6b3db4608d8eccec50364,0.2584537,0,1,3
c53f2106109153eda10c47a6960a5a579d1530b8,0.53719425,1,1,3
17f52a2e559e68d5c6ccc98fcebb5523161fd0ed,0.45424837,0,1,3
fd7a4362caf2cd69368a38f2f71ffe19706e341c,0.725634,1,1,3
753f278d10fc0c92e912965379401ac182644101,0.74481535,1,1,3
491786ce4182daa57ea61deaf701f756f57f6f1e,0.75024456,1,1,3
de73ad3115c19d5f0771754d233d74055a2a10bc,0.56099117,1,1,3
d5f586bd4e1a20fc09a33aaa5c2b9320f4a2aa72,0.55020505,1,1,3
8d4fd1dabbae4d7ebc2b273af9275ef8bd0e1ce1,0.63574296,1,1,3
6e5eedb3fcebc5894c41733bd26c8b4d9197873b,0.04291882,0,0,3
3b7d0b95466139a147fc504b7c18897dcc826c65,0.39838073,0,0,3
6a82f92584b36e28798479c82c0d3263c6347b90,0.25377902,0,0,3
b8e9475505fee98aae2819c03a33c7aa3db843d3,0.07152213,0,0,3
a14acdf6395f588dda7597bb4c7810dacaa503d2,0.04194107,0,0,3
85a20aad64be04127106f492e26f6ad6d6c228c8,0.04589838,0,0,3
1325e114108136eea3fe77a4a270a2da7eff98e2,0.04308091,0,0,3
bae46709ecb13f80aaad0d279b3618ab83d09275,0.13819748,0,0,3
dc5f850d1d9b0b952b7f0dabd6778cf0f7675cba,0.047590584,0,0,3
b4abfb93676fb0abbab1d9bac40ba2714a3872f5,0.046972696,0,0,3
9a9e7268162f9fed146c74a8acbd234d9bc2ed84,0.11632953,0,0,3
b262c2359c9ed53dae3ce2ce7a0092273f4eec65,0.4852094,0,0,3
c30b59103b6f1390b0040ee74b985248e8b1b849,0.49984944,0,0,3
0f36265123605cac6af05b7b8c8f4036b58f4da4,0.06198702,0,0,3
cb177b56b7664ab323558545737646896f4d7e70,0.051289767,0,0,3
15bdcc3be2b84f68ddcd822da52ef045ed89e57b,0.065242976,0,0,3
6a8ba1fecb47e5ffd5387654d0cdb7c372ccdc9d,0.042502113,0,0,3
75efbfd6b21ab36fdbc440bc001c133f824bdc3e,0.056764938,0,0,3
f7e42d2ccf949a5893a439227c8c6bafd2598f26,0.33278078,0,0,3
c7fcb448c99ae5fe9db9b217bea1233df3ee6e57,0.052765608,0,0,3
d0721feadc1e0cae6efa3e0d82f523debc5b8d97,0.22884361,0,0,3
5f47ad718e0ffcbbe6cd2f8d32b2e345c4af3a48,0.62367696,1,0,3
745d383af12137ccbcbe1f3cb4c9db73f87a66ca,0.041598953,0,0,3
d746a54c2ee50711283bb49e557f58ca491e1bac,0.053123802,0,0,3
a56d4998cf16ff08f5593fb7d4dda66ca05dc269,0.09148817,0,0,3
03e65c98da2a0b2e27b14713543c2a61d56b1237,0.06156903,0,0,3
0d3545e5f68d024cd4a05724a15746d8dad986d2,0.04567641,0,0,3
6b1b592887d9ce95fb5af1e216bff56b18c7902c,0.5309099,1,0,3
ccd0fd51a5712ef1d85110eb61130c906fe4db13,0.45126283,0,0,3
d98897b11e6f4adf1d0a91591b1bb6be501cd29e,0.07827071,0,0,3
4e08e17ec536038c9c0dd888f77b912cae82816c,0.51812905,1,0,3
86eb3a2fa74988e4ccf3aae7f4b77edb84555320,0.51502097,1,0,3
45df5da2640f8f097915b8a2a0249ef0f6cf514e,0.6954594,1,0,3
76b7413d2b1eb2dc22f05de5b76f9519be5142e0,0.0724273,0,0,3
bfb3cf8bba6aab198c4644e236bbc9f3807111d0,0.061830003,0,0,3
093e3bb2e3cd9992f3f0d14373d406bb9b2ed36e,0.0597198,0,0,3
c440f668aca99266b5379235f6d99d378630c938,0.3118911,0,0,3
a1c5a582760c7f65572d0883fbcedc843332d7eb,0.09302407,0,0,3
0a499402d707bc8cf775d7f9b3840780a7401f7d,0.12593491,0,0,3
8e4e5221515f820108f48396a18ceaed73de8dc1,0.4880832,0,0,3
3a4e18ddf151a624eb5c3596ce8400ca4679ef97,0.08577604,0,0,3
8ed40d530295d819e0ca964b2d4542f6ca6a9929,0.04622356,0,0,3
a6abb8b00355db97486ab5023305c3f4e9e19ad3,0.31241468,0,0,3
b494caa01985c623601735f1bc10871cfb8aa048,0.5980146,1,0,3
5597ed7ea300ae3d08cd893b0133bce26038a7df,0.29369265,0,0,3
002276ea313fd880122502e9840b43f996acd537,0.039387904,0,0,3
bd5afc0b5a977c168cf046e3244477b48fa72c5d,0.0537574,0,0,3
b313ae68888445f4c08521bbc8d19f39310c6890,0.04773144,0,0,3
a675ca7802065f459a96bdbd593d8dc491180cbf,0.40852562,0,0,3
8be87e032a8c05622148357f30bdca3c614a669f,0.43825457,0,0,3
96eb80efe1da48f37846aa899260aa0c84b15944,0.040717352,0,0,3
75c2b24c681e314c4e4e07243b31430ba4e42723,0.60856456,1,0,3
276e22858cdd56f5725e0c2f7a3522df99967973,0.041616894,0,0,3
471e6b078a7891aea99b77f200e828a7b1c9bc00,0.057261154,0,0,3
6d7ee38ceed6b496d70502e276f80be6de618014,0.045506023,0,0,3
5cfd99f0dcd0d10689e480f0854e859079f125d0,0.07524124,0,0,3
ed6c47dd9ebbb2e38fb3e17a2b961f0fcf0e6df3,0.04703435,0,0,3
1fe7a43505aa9d00bd9dde45aee77935a5147561,0.48882714,0,0,3
387880a630c65b955a3329a2f7b987214c41f6da,0.62983257,1,1,3
cf4416a84203ff9d360d4398da3b166e6d0c72b9,0.52809995,1,1,3
a7fe613853516f0abde34821996a0424882bb919,0.7440472,1,1,3
7a8a7783315917b56b6a71c4f28cec4ed1d91a7f,0.5876981,1,1,3
9c545d44a4a703c88d417a6fa43298a80ee67735,0.7322711,1,1,3
4f73871cf40b6dd05c8872d39246c67f798ed915,0.051194817,0,0,3
41f297809965523fcd021bef20b304b3584d9b4f,0.047042944,0,0,3
03178c8b15f1b522b98ded0f83cfb0e79f5ec4d3,0.08161247,0,0,3
f70741c9b216d3836d047c542847920d4778cf9d,0.07913382,0,0,3
5ca0a1c3564d35293a5ecf03e5f32e6f0f6f445c,0.056464992,0,0,3
4c4b3e2e32ddae35e4c1a6ffce1cd2b2eafa958b,0.060420427,0,0,3
72a46babeb0da02071e47425ebd55da915b98178,0.046740387,0,0,3
9c51e5316babbd370bc32aed0fee134216726ec9,0.05285107,0,0,3
392323e2d44bacdac605c1a4f037f06e21dcc239,0.07063706,0,0,3
10dc13c80752b0489d291b54440212ca54c59fee,0.050118186,0,0,3
7b9df59a96adfce979c8c564dc5eaa6a29b7f25f,0.04842226,0,0,3
818533e92bfb1c142ae4ce5be18ab92d1ae17025,0.09225138,0,0,3
47fa07eade06908ded4206651571e71a2fe684a6,0.04347675,0,0,3
46e97d9e04591e8198ff38bd2949fd5514da0d3e,0.081735305,0,0,3
08cc26e70bf145aca293d55fce12aef835263f53,0.22378941,0,0,3
6c21bdb4a107b49e57c9e5d6598d13ce6f85fc5d,0.2557753,0,0,3
18a027b1f04e420c18ae57aebe8fd031b5ff251c,0.17509775,0,0,3
82b84c0fe9054198099752a66575cec0c47524c8,0.049037613,0,0,3
b10b90b0a3947bea98e3646e7d29f853f3b5c6f7,0.10247319,0,0,3
8c141a1705808491f16a27b53e1ff0db0a2807fd,0.05950714,0,0,3
40f969bc9e162deead55967da3c128e2da933dfc,0.07776701,0,0,3
f348d34fb1ef3c968e2981283618aa85db203901,0.05184223,0,0,3
999761ba1bc5da820a1d2527c4aae29d95a7013a,0.6038456,1,0,3
ce131449a4ca0b06c6bb27ee5d8d6d89b1467bbd,0.04687438,0,0,3
924e1e9064f90d958b4f57e9c9c0c543bd19dcfb,0.05722733,0,0,3
f36090e3141cd3cd6fd58f1f46a30af2582559be,0.050906043,0,0,3
6fe2094e30107512e470571bceac91cbedbd21d0,0.3208396,0,0,3
fb0078159d2463da149de54018fca79a9447153e,0.052684266,0,0,3
73351b6adbf403600521505bef288057beb2bdde,0.05346733,0,0,3
079a07fe18f654632b80b274f247775582261e5a,0.049008735,0,0,3
4158323ee456bd412e7357a4a6bc8bf50deb5d9e,0.04626332,0,0,3
2fd6c8fa1e392f985ee860d8ee154a612ddde569,0.051254246,0,0,3
66d0a9a0a00dbb259425f17745f7dddd7e676f71,0.051002122,0,0,3
e14d9ce8e3c57b7352a647c0a8e62eeb88ebfba4,0.07379423,0,0,3
9e0c5ad4b3148f42f3940faf7d67b305e34bef0d,0.06223108,0,0,3
fa1aa44c7623fb2142e588c59eaf56db7bc237eb,0.07299353,0,0,3
8fdda846c4653b6ccd49c47a9586c374bb20a255,0.05769235,0,0,3
a94ff90ab6cd2d92ccb2eb1fd7913b4e5256f02b,0.7176998,1,0,3
268bcd622685b28c2d50bcbce64ac38f7e90390b,0.35640556,0,0,3
09e31a01b51d7418fa0034ecd4cc11848436fc18,0.4004374,0,0,3
487ac1980148522d628e1d2aab50b107c372798b,0.22172777,0,0,3
34646ec9b52192a71e52ffc09cf7fefdd506c48c,0.12305253,0,0,3
7afc1c34fc16ec04f82105f9106b7d1e5232c4d0,0.059436023,0,0,3
00439211981af7b5baed495f526ef8ad76ee7c5b,0.056744196,0,0,3
1d635088f697178660b6e1c9a89d2b7d3bbe2d29,0.045707807,0,0,3
a4a62ed7c1e3c7aae09324f0ad1c6078f0fba471,0.07075791,0,0,3
b3a68ca842841c4b9713462d5f01742cf71a6b4a,0.05485773,0,0,3
2d868410eead061d59de524bada4de9e3d2bb442,0.1607878,0,0,3
813aa11d505b9507b6795d36070806cb2d96e5c2,0.099131376,0,0,3
88b29fa46bcf6f56df4213e1ba7810735a28d755,0.043297622,0,0,3
eca374db08ffbb3dd8de746632fbd74acb8f2c92,0.06469947,0,0,3
2ab17f529d07c1f618ea08d968b2fdf3a382a792,0.055878118,0,0,3
9a87c766bb3137a50656871e5dee5a309543bc7d,0.05321064,0,0,3
9ce4e1a371418e5eacc69227885815f9a4221c65,0.5721634,1,0,3
c7f7da754a911302dcaa6935be6fded84e1ac348,0.045374427,0,0,3
4cbb388ba9099be121f81d75000acc3af93bf993,0.048018165,0,0,3
87497c72460c9c58f829a372d741b386fc2ac8f8,0.052604545,0,0,3
921d0d60d40d8fbda29f14a64e848c70026ea32e,0.043385565,0,0,3
f9e72000a17eb9d524b38a9f2c982c037dd94891,0.2381731,0,0,3
e34f50dd1083fa8ed9fe25fe701b64bd2ea7efc0,0.4278642,0,0,3
581b474f4b194731eb9cb22cdde7330a1ec81c3b,0.50423807,1,0,3
e0d17fed51f5018fc34578699d824c20efc44368,0.55732435,1,0,3
4fc5b3402c58d6a4b317bf23b896ea91d22af6fe,0.05140543,0,0,3
d8e2f892e48423fda73204be3ec239d282e71c65,0.05372288,0,0,3
8d6d088622f8e4ea89e66ccbe097510fb4c932fd,0.32967663,0,0,3
f0943a7242041a16c8f7fca845592e48bb19ac74,0.27644843,0,0,3
d1123894d33922e7c8ca838f9dac9bdceefa3f7a,0.07373036,0,0,3
fb83ba3fdb46537a36832a900f124d4c400f7ed9,0.04428424,0,0,3
e779883b29a67d411493f985de984ffb8088ca05,0.05889301,0,0,3
a71c820baeb91025eaa7f07b172a39500c6f5692,0.049356874,0,0,3
a4eff51bedd73a0ea56afc23b1021187dd03561b,0.06547979,0,0,3
8f6bedeb724fa78583c26423aaece05cfddc04c9,0.0501262,0,0,3
fdc116f0bcda6d1fffbbe505d0687b0406e92fa6,0.03507665,0,0,3
66608db56c41e91ee34fdc1e6157d69b69893fad,0.6118764,1,0,3
5366158572bd88f18df7883ab823ea62b7701d77,0.04379842,0,0,3
2df0a3be66f6fa1067d976d7a05500beff7eda53,0.051048078,0,0,3
e0b2c86c8754312d1e89307fbf84e6efbfa9fe0b,0.14255038,0,0,3
050dfa6f0850174fdf958ce6751d2f06900201f8,0.22238638,0,0,3
7530b4bdceef0ef37af252f0b97978554fb9b99f,0.095938995,0,0,3
a6eda3d8eff423ecb4901aa07339364732c02ddf,0.040048227,0,0,3
a5035d0e1cde068320984d789473e1140adefdc0,0.35396793,0,0,3
dff43a0530a6fbd524e3af24795cf6b92142735c,0.61196136,1,0,3
1d5f8faa87a410fdd1141ad82f270ac238293770,0.04805281,0,0,3
82f4ce516c18ef5fb3096f6a90455fce90a5b290,0.06363273,0,0,3
228b49fe2afea3376c4f30f80bdeb70d083a9206,0.05004455,0,0,3
adfa016f3ef7ff262643e0f0a5a54d3ddb7d7e1d,0.062092997,0,0,3
f72b5e65c0c5210cc0be585959ae84fdbc87aced,0.04573611,0,0,3
26d668f6d5a2f202ef7ff6a73ff3cbd7bbdf4b06,0.03791403,0,0,3
808149305ba26224917e29aa0c0089701bd91936,0.035304587,0,0,3
55fd738c86ea1796d5152d818ab4b5060bb11803,0.042526815,0,0,3
7a8dc00b8be18a9271e2d9c2444ba91077ffafa5,0.06288079,0,0,3
34515698878ff0a4641e72486f0ae8a7e30df0d5,0.050598696,0,0,3
96f2b16b3efb93580e6aeaf1da97d9dffd5e260b,0.10879626,0,0,3
b577805347d56f1927615fad311868a3537a9cb6,0.06825705,0,0,3
e366894658914c0f2fb41cac003392b0dfa6e4b7,0.51045716,1,0,3
3411f29e2377788cdaa5a4eeaddc53355f085a78,0.03824292,0,0,3
880b04814c564ea7a1bb8fe97c15b4735c67e8e9,0.04813819,0,0,3
8ef033be5c92a895139b4f910af5a7048f340cc7,0.047015667,0,0,3
350c477161a0d1df94efa02109ae07e6acbc527e,0.041101936,0,0,3
0880a21c56cec1a2442b5123c3845bfc99e83a7f,0.05769409,0,0,3
84143c462986417ccfc5e8c05481e983cf668e2c,0.041655634,0,0,3
f16d5b1722eb55c2d55eb623999f16799b088b98,0.040667087,0,0,3
ac37165ed7a22cbdeccfe348b10245dc83b414b1,0.046456955,0,0,3
d9ae4e2601d4c0744bbc275b6b4f503477b789ea,0.045009095,0,0,3
7c1a59fa7ab58f5f7cdc124ff2667cc501570a4f,0.0445924,0,0,3
93d35c8f291b8953f8460c0eb02a51cc6d6cac22,0.8211272,1,1,3
b77184a2189c8f91100d148354d1fdf38e83d13f,0.7571382,1,1,3
f81e0465460ff9abd450eda836bbb4f9b13837c7,0.58253974,1,1,3
6fc152e4177e0482450b13eb7fe496de677ce5b6,0.51060724,1,1,3
0c9af5f450ce73da9b791051f861cb9a6420e0f1,0.28916508,0,0,3
11409e628b0461be3c268f81642ce36bc4b0bf84,0.49193513,0,0,3
63a9488f2910434851e98a8fc0ec8c053b24083b,0.4182044,0,0,3
d70736425701b66bd64ad3aab3941bb930a18b66,0.5839378,1,0,3
7331773448c1f2e0b24deae4144db0deec85fc07,0.40209788,0,0,3
11a7e62a898e54d66936d1b8b67cb5e62578ba98,0.403875,0,0,3
0484bdb3f61d309ff62da4df4be92cf139d19f6b,0.5164156,1,0,3
f9f632e7056cd9d2b3c88bad50fe0597610e2eca,0.49634936,0,0,3
a3fae474e5cf5084c89835fce1950991aa678a41,0.39260915,0,0,3
f3108e2771083bfcf02c9c67ebd70a3ac0ddfca8,0.6675015,1,0,3
521b9b3385d73239b96ab209cb34ceb5c1c1400a,0.6551038,1,0,3
d7a1666f9a89d9a517f5fbaf283e711046fd054e,0.43026948,0,0,3
022a020bde5afba4f2e9b6753c199386e79d7825,0.33644277,0,0,3
1b5aef881bb3acdcde5d9fcbb6e43ceed6db145d,0.48189244,0,0,3
0caba0845d4363025e619eb3db6f3138b2c3d394,0.50536215,1,0,3
8e71711c1caaa404d84ec6682f1b7b266064c2e9,0.23968711,0,0,3
363be2fea66f861d7ec4f893a05901fa0c7ecf92,0.43515834,0,0,3
412a8a0ba61c84d71c0cc740ba7e50c10f3bf9ae,0.54938877,1,0,3
03380256795725c7d17db97d882a4c4da3b76b8d,0.23930012,0,0,3
653b46857a4a48252bfb094e39ee9937b2079fa2,0.5793833,1,0,3
748cb609306ee5a046a952a0ca13974ef0b6e770,0.27790254,0,0,3
0f9ce497b0c6841e3aca845336ad095012c41da7,0.06743771,0,0,3
36ee52223387eed452c266490a25b4c62f49abc0,0.11143148,0,0,3
a8c6d43b5a61d8da784f0ac188d40b88a15dad50,0.08460623,0,0,3
8fe2360920a8228c10cd59ba0978df701174c961,0.24347252,0,0,3
a3677db89ef3863e8ac7cf578df499f85d970b76,0.077203855,0,0,3
64c51505a82baf8260a34c7e83652ae3014009e4,0.26606962,0,0,3
ccba0cfc3f1b81dbaffa5153aeb84d48cd7630ff,0.20745715,0,0,3
e7c42ed0fb83faa2b57184cb72f6d9e8b621ccd5,0.20184913,0,0,3
633de29fedf11544f2c3d5052890cb014e612bd5,0.11870897,0,0,3
362ab2bc41697980391c4a61c23cb3ef6bce740c,0.14383937,0,0,3
fc9d93db68a3c33e5ead8c7ecb187fdf0f06cc4f,0.13764985,0,0,3
66a775c9feb7dcf00c28a16b7a365af4372886f8,0.07275467,0,0,3
a6a48cfd370b226955a531e678016db414ebeed9,0.05898715,0,0,3
dccc1255413adc1a212dbe3bf40accb70ccd44ef,0.06309249,0,0,3
83b70a377f79ba90f846b3a720e6c402c63bccc5,0.089563005,0,0,3
819318486d9cfb430749ee33d3c5c4ec4417babc,0.27177447,0,0,3
827d9644c864336fa84f15744375ba7412da047c,0.06416381,0,0,3
af6bbeefbf197f50d194c7f20419c2a4590ad630,0.31257996,0,0,3
ae8f5f04574be75727f5e948e04bc649cbdbbb3b,0.07666783,0,0,3
b9cd3558133ae9f26aec73e0bda3a8f635d137f7,0.68058646,1,0,3
f672e826f51824582273fa1f5b6ec37aa5fdb2fd,0.3764049,0,0,3
72df12fb2ba453afb57cf185d25c502d4daec6d1,0.056636494,0,0,3
7b42d43fa0827557f51cb4111c89fb2a78512c68,0.4821713,0,0,3
af1b5872ab8355acea3197522ddf94972b3c8386,0.05045521,0,0,3
5c753a87c328678f16bf89e0178448f04194f0b4,0.18675715,0,0,3
0956e2d2338531a96f2ff7d4ab405acc1b18421e,0.20123395,0,0,3
6563275706015b000cc5bf14be7fa9322964bf49,0.08473792,0,0,3
e9e76131f35c112046b9f184816683beab605e9c,0.07310594,0,0,3
843267df5a0b44145d5b9ee9153d17aa5e15cce1,0.7178571,1,0,3
cd64fa339a97300c64dfc434483e478a58f507a8,0.06823051,0,0,3
b0b23c179ac55334f760aa29fce262c73a909268,0.11597976,0,0,3
dff1a0953d97d46290750a46d01be1e1519ae698,0.7247119,1,1,3
35e0ba449325e759e04203fcaa71920cf473baef,0.6623083,1,1,3
e508ad09d79302d3cc6b86077d4a6ddb0679a0f5,0.6908843,1,1,3
a27ca511a591caf813c26862a888e90e54af19a9,0.67747,1,1,3
9be91f380c209f895da36d13c40b99687bb4c8c1,0.1533893,0,0,3
09c55eb8120da36aef1807628f87bde83749428b,0.3904269,0,0,3
05edf06360cc8a1a61fbd1ce5f9abf5d83f9d3f9,0.062230356,0,0,3
9df5e9419d83c11b4a2c3421c5ff7ea1f544366b,0.5357293,1,0,3
ed1ce82d822ffe185875b7b7d38352f20171c096,0.091577336,0,0,3
10e38114032cb4c585b29e946e1d70e05d52a878,0.44538656,0,0,3
d71ead41fb685431dad02d4bb7cb5675e196b8f2,0.39278665,0,0,3
e7b4025ee0b6152f9bbf7a72a317f977402a27f7,0.32897693,0,0,3
0f3648f749b7b67c2c61282297569657ea6220dd,0.3573465,0,0,3
bf915848967a6e35839e5565e98c716079980e18,0.3642807,0,0,3
7f74708201c2ab9f5d1f83c7052487116b8f7114,0.5488713,1,0,3
97dc91d1545a667b4021b6507d927799e53964da,0.81370085,1,0,3
d9979fa97865b7a57b9da975efb6e6c4d80b0cc8,0.11800902,0,0,3
6f27b4ae8f8ecb62698e760ab7df3973874b1f51,0.3665976,0,0,3
67ef6efb61f3c07e1359e083bbac5d90953cfe43,0.53623855,1,1,3
1b53f09c3a9dcd64dd281c1955b062fc28999366,0.06271912,0,0,3
34adc606601cb578486d4a019b4655c5aff607b5,0.43396708,0,0,3
b05bd69cdd841c02a3b645568ee5478fdbfc07d1,0.46811366,0,0,3
e1f30a1c32eb292e51db274adbe2fd6ed09b555b,0.29063365,0,0,3
bd82fe9fc034e7921eb589420bb4b86dc767a11e,0.10872685,0,0,3
13e0ba5aff3fe14eb0e1d748cad4b9f99e681ca0,0.6007485,1,0,3
3b7deb943877b0c2d8627531959948c5d1e4d3ef,0.6978927,1,0,3
b657c914c0005b37e24c1cd74c5f4ce886147606,0.50282776,1,0,3
a61fde99657c1b9d11e8eaa682181ea59e65814b,0.08142689,0,0,3
29c067466ed78c3e7948fcb8f0d25b3d984a1a93,0.07044279,0,0,3
fd86d06ec5d3b009f3882dda7903e9913858ee14,0.70254195,1,1,3
a43b8d68b8b7e6d7f23977a7432880290e6c6933,0.6463192,1,1,3
31e4a6df19cf4a13f8f0e9048198ce7488ad2614,0.6985415,1,1,3
3c0c9d83e27e436f9d3646f177bcb0ac2fecbeab,0.5545699,1,1,3
db7a08583a5ebfab310efde6d0636f2e2fc108ad,0.57861465,1,1,3
015e3cd37d128e4ade9b2d49f74f3b4fc07d82f1,0.500248,1,1,3
8dba68a38c8bdae91c15e4eab35cd83c427d8e71,0.5951585,1,1,3
bd15dc78c74bd9eede3419b70469511f196a3716,0.30703366,0,0,3
c3ff46e30397bc0355584c593d500d2564c1c515,0.08713126,0,0,3
b2d4b2ac3a738d97e23e53cd459d9c57ee8827c5,0.55204767,1,0,3
3e24c28e68e617735b25791b0bc3f67f31624ebf,0.56962496,1,0,3
b1a8299ad223c3b2552f6d03e51c2ecba5df46ed,0.11486403,0,0,3
4e931386569c0a28b7e47c52d199aa32b6ca32fe,0.6061976,1,0,3
ed98d264cff306f7326db096cddf65cb26ff5498,0.056736644,0,0,3
1f07a0bf70049cb0a2f6b52ea7c261da5adb1abb,0.068006836,0,0,3
60bcdd450d6950da981d70b8b08379bdd744c82d,0.045416262,0,0,3
74133837585f81d1c6434ce32f73fc8694d5f132,0.053773228,0,0,3
0e9f604e87a5b42b27abc13a9328846cadd640f4,0.05429955,0,0,3
53a0a9ff85666348a38054e335f5b4c5355a6419,0.057940226,0,0,3
73f3e2b3d6b3f4a7000187bb3e6a4d82b118d3b9,0.0752525,0,0,3
b295635a87da0c20e5e2495103d4877ef0187d4d,0.079393506,0,0,3
8f88dcfc902b5bc86a239756afffc9f3813d245e,0.46244583,0,0,3
815b269deec60ec69f4e5e5d555afe9b98c18cb9,0.21530011,0,0,3
2b0658c59d6285547a5c6de7ac71c7cb134ce975,0.16657898,0,0,3
364232f781d0cc91cd4b83012e1f49e62fa81190,0.6349504,1,0,3
e972869486f85c3424875a443eb04bda2eeb6bd3,0.08814376,0,0,3
780b2281d86cf89cf5dd717c1cf54bbd48783654,0.40183848,0,0,3
06c27b37ccbde70514e035a50ba0a6ee1ff94ea3,0.3466543,0,0,3
1d1c41945a50a740519131bfff4e1875de69dd6b,0.29563406,0,0,3
71e40d0b30fbef976da3595fef8736a4e1245466,0.39011288,0,0,3
f781fcaf0f19766f7c9105911613f86d22b2091a,0.32651207,0,0,3
cb8cf1574f99fc51c9e67b9456ea4d494fd4cf29,0.06574995,0,0,3
c63413182017e069393963d07570ec69f373ee1b,0.850052,1,1,3
8bba18089a1acf29f9d2433efc229d5c851f42b1,0.0746219,0,0,3
f295b186fd8f6c619d34a8c69c6a1307f2276779,0.30733702,0,0,3
02c7974c113cc2a51d6741491080058470265899,0.5255212,1,0,3
027c193cf1c012cd5bae06446496136a582c180c,0.55315834,1,0,3
4a10030ee78ea8da944f6d52e3c671799d73b5d2,0.5206955,1,0,3
5166f3dd04980177e46293408d998087040d4c19,0.42989683,0,0,3
d37041ca62ea9eab6e777bffc15ddab49941217a,0.573482,1,0,3
53e5e3fa8531bbb4d70523197215fd19b89c1a76,0.33186758,0,0,3
62e6242804e4167f5c476ae34acc784009a1af0f,0.088732265,0,0,3
324e8b4d43f0260b4857dafef46e8c5f349f633c,0.08566227,0,0,3
9fbc2a346b86872c397ff891d379115abe5846cf,0.65047127,1,1,3
c5a15b2b66b6b4f018589d8f60cc7acc71861822,0.47978473,0,1,3
ebf108170e9a6215176174d84313a0564ddde0c4,0.6715403,1,1,3
f1984c42b64788a0737c3bd43e4da95e015c19e8,0.14802596,0,0,3
904b790c41d6ec4629921befd1c5286e482fde57,0.4969134,0,0,3
c2abe862ecb7f980260a7b44d907fa116a6bbab9,0.33461627,0,0,3
19a56adb00295d528015045cacd443ff10f7bcb2,0.18356334,0,0,3
e2ea5359798ce8dc77d4b23b0f9b4df33b37f940,0.25210175,0,0,3
ce4385a413dc822f8849678608d0bbac2defbb81,0.073103845,0,0,3
c11215195bed3261d88486d0ad1644080afbb97b,0.6258757,1,0,3
7048667393bc4290f381312243d13688407b9350,0.37391686,0,0,3
b188b5ccc0f1f8702313eab62a5dcc164f817200,0.15178698,0,0,3
4efd950d4dd822f3e087db9830d09cfb3fdcb541,0.39299923,0,0,3
cff6e00097bf7dd97a5404080df3bf7e95813a1d,0.6451635,1,0,3
27214015c725619e0098e227fd29816d0891d4c5,0.65333647,1,0,3
f8fbfc9fdca4b5e9ba1a5608ca17e7b6feb18c3c,0.19844295,0,0,3
0733d7c2ba214415a8d2e4efba5c6e26b61d3291,0.5137382,1,0,3
d8cdd5eeffe9b63949129d09f6b0c7ad2d517e90,0.26035374,0,0,3
e2cf4811ba485b0bb29d7d80bc853666bfbfa958,0.6699548,1,0,3
580e0d1e26ab2a9275f01506f3af56fe8fc32988,0.34226263,0,0,3
3ba27e9f4a29be1922b3a19f9c6c5127f93027ab,0.65033454,1,0,3
8fb1341ad7c460286211f4f2a6be41bb5782653f,0.054808646,0,0,3
041507d3aaf718ae536f9ab66e4eeb4065cb339d,0.33943206,0,0,3
735b1b59862dc1b5f7e60549aa7c33dbcc4095b2,0.57577455,1,0,3
60595251eec5979e14540c6d00043e24905a7404,0.08031688,0,0,3
980366284db98e0515dc5e827aaf4f750699bc80,0.5896665,1,0,3
6c2dbf2885fb4602b8e42bd208ebef66df23329b,0.10206165,0,0,3
cb6ee2cbdeadad5d277a6e7293d88bb915090c4f,0.5046384,1,0,3
a00624cf27791193be74a610723a9a0b0980d23f,0.60142237,1,0,3
911d59f46d0dce2e07a93dc0ff705154f568b7ba,0.6431449,1,1,3
1aa543286acbcb3c23aebaba003fa024a54aabb2,0.6975378,1,0,3
f418eed3089d74caa11affaf947a40b774e9c8cb,0.52194065,1,0,3
a13691b5be40d31099d39f7c8f3ee9970ebc20fa,0.064884685,0,0,3
3e8b8aa06bb7742cd1643fad72d7739cda400010,0.48270413,0,0,3
a1db4c96f62eef05fff532b59300edeff3ef21f5,0.2419532,0,0,3
5321c7ff2ed082524bc319e44f0aedf7ed8960cf,0.051728856,0,0,3
9be73347bd09934dd0c99d32bce9c4e12fccf6ce,0.088383056,0,0,3
4362e02ed0404d12ca75ee3476d4a32f9f671811,0.08122433,0,0,3
d3f0ee5e0928122b41ee25e2b4ab09bdca5bd00e,0.07448724,0,0,3
f82b5b57840389fcfdc4f16cb75703361d6ea059,0.09087472,0,0,3
51d564f738b20621e4e14649bc1b15c929668e1a,0.109893814,0,0,3
5bd82306a8e44e2b9ff098f29ebf4c69c195b9ad,0.06810355,0,0,3
9959b3c5a777845aa19040a5a761814e483a6483,0.05071248,0,0,3
a0611b06f05e3c37c622f48a783836f89247c237,0.24331266,0,0,3
f02f2e54ac7d88a6b7ee620e45e1bba878c63a56,0.058215708,0,0,3
98d6d15235e046762f3b09294e896994f616627c,0.04291303,0,0,3
fca0e6ecf6012ee47fbc92fef4533320c1e3d849,0.05209121,0,0,3
db642a3c3ad93606d27d6e277b529da3a50057e6,0.062346295,0,0,3
1929834c27a931ab505f7a389d38fafd10331d8b,0.07117489,0,0,3
a5cb9a4b4a196bd2048cd21ed2fef175bc1181cf,0.09035529,0,0,3
c2f1b685abecfc11de76ffd0a28771f41b566782,0.06959499,0,0,3
30b6759387b4402987f6f4a6100fdc78e8bf755f,0.07273882,0,0,3
50b126dc0eb075a2193b670eb7ae2089896ba283,0.06619543,0,0,3
6b08874607dd51c9d8f600a96650a330cd9e6b95,0.6108614,1,0,3
c9685cd5e462926aa401fca7321ea23927492006,0.06893589,0,0,3
ce8d0f7a47f7caba8ab937389c59b68b20f6994a,0.42584857,0,0,3
98b8758e761caf659608f48fc5c9e9056f911050,0.43507898,0,0,3
95b2fe97c7f191e43b7fe11e8e027d87eb47f15e,0.68503386,1,1,3
79237dcd2bf537d56ff8d73f897cd639af7bf8f7,0.59565085,1,1,3
181affd5c937755f54ff31ef056a6ec091e95f51,0.75080353,1,1,3
c334a1bca8338c92e76f0f1cf2ef4884e3eb5dbd,0.64375657,1,1,3
efa48b214d30537bb184884ea30ce817bb350153,0.7432362,1,1,3
b45c4bdb496381b5f90df6872edca12e0a2e68ca,0.53842807,1,0,3
f8489499aa6d460a7548b14d516638b0bd7b862b,0.7867904,1,0,3
76a2ac814caa194c46be1cf7a3f5dc129546b1c1,0.10904507,0,0,3
31fb4dfef212791f86f052ce8a3adeabaf830cf2,0.16172247,0,0,3
ccfca8f714055cd9fbd00cf7e847b880132cae69,0.07244188,0,0,3
a29815abf4f0e51b332a8af1b83ad344104c14d9,0.70585847,1,0,3
92e6d716069686583b852a6dcf12af986d6dc694,0.70297825,1,0,3
d105819a0e72765ff5ba4efa5622d727360ee2b8,0.69466084,1,0,3
3aa6f11785a2f1b3b09df328a02a2c28dfa0bb57,0.518443,1,0,3
b7a82a918f0a595a96047f7eef2672fd95d5626c,0.65260357,1,0,3
52f3240d90f2397cd1850ab11674ba08a0ecb2a0,0.714519,1,0,3
d70fdbc40195077057a1edb14ccd16a26435d007,0.6354347,1,0,3
0751f97bf6677c3d55aa71542d572dc8fcb9e79a,0.7364878,1,0,3
e505e1fea57e0ab9f1d5edab92546d778a5f41e0,0.35916868,0,0,3
b4380f20059dc9e4ccfe2b709587e8069ac0fa34,0.4150253,0,0,3
32a9c6d42a3a48314d3f9fe2956bfc8bf49ac5d5,0.61676556,1,0,3
80417356f04c5ee1cd6f636e9b043db3f2de24f2,0.6451211,1,0,3
f48bca0510703b0673709b10a806a9d54894a999,0.68776613,1,0,3
f1b54876ab8893a5d9c0e3d7c1a9c884e683dc8a,0.27195784,0,0,3
c82f703768eb8a122546de23e412a037aa1770b2,0.6444851,1,0,3
36a02dc549f32433d7329444455dbb1be2e67f20,0.69420886,1,0,3
fa8957d7939b59e8d391fa17000b34e865de015d,0.7906926,1,0,3
5acc6a5502bffaa66be7e859849856de0ea27acb,0.5704162,1,0,3
b58789c5badc4f9680ec5724568af05a84670e22,0.06452644,0,0,3
9ee3a16179cb65f5fe4170257ab7cde558f1dbeb,0.06962007,0,0,3
4ed0bdf1c73fd82d3080d15085675de96d5be0aa,0.06856717,0,0,3
4950ad86a16e63fa26d51cd709e39666008c5fbc,0.06315179,0,0,3
b61362933f7a564d2ae0b7d6b9723f79f4948769,0.35978734,0,0,3
f28aa71041181867a720134e26b64b03cbccb6ec,0.26462203,0,0,3
720b988fd8d7a50fbe922e6c73a3681b1c566331,0.44711924,0,0,3
9d744f7136f23da9a5f9324432b300b5a68e3b39,0.06177093,0,0,3
98f54c158acb12a26fa6f335b1665accd2aed347,0.5845908,1,1,3
22c6d087012fd55bc65e578a27f2edb66f4d3808,0.36418876,0,1,3
890b387d713d04c22406db6d5a5fc9b51bec2df5,0.612471,1,1,3
c7d56cffbb4668d0955ef00196e08f42f2efe363,0.59424925,1,1,3
7680fae14c9f544d0585a7b150004a1e48fff53a,0.810691,1,1,3
136c5ffe80e558a87cde01baebf823b06e3cbe75,0.7900942,1,1,3
8769d0f2cc4b7555dc025b7c0e49a81346a1e2dd,0.7130329,1,1,3
4b5cda5a2c6ca613db5129d50ffffce2604ad9eb,0.5332798,1,0,3
2e62764c0c386632e87ee8d12d0505848df1015e,0.5610489,1,0,3
4590f14e97beb6d10ffb7b5dd312c632af155ed3,0.08402945,0,0,3
079bcd0339f30343c01c5fd3d5521be4b822d30f,0.07158995,0,0,3
29283b775291bf03cd9a7e1aaa496faaa5757578,0.7599986,1,0,3
89321a2dee438328e75a11954e972175c78f0a2a,0.06158092,0,0,3
1f3e72fa069536ae20f37b29575288ff65e66803,0.060723763,0,0,3
c7720ca4c232d317cfc800a04eda4a1d5a44a944,0.38865247,0,0,3
a747456bfe077da467ff036172968a37f3b1e893,0.14823687,0,0,3
2f2c8b1cc6e6e731f7bc52b0988ea8316f475004,0.32607478,0,0,3
013b445ede8d9e7aad4915859d0c869b9b712f8d,0.2457749,0,0,3
f4e754e66e3661274df624bc328991cd88dd03d6,0.25459468,0,0,3
741944332d5bd90112b610a8b5f2eeefe51e08bc,0.09483714,0,0,3
4c7d7523088373be3c7ff203ea895d5a6d84083e,0.11575364,0,0,3
f79c9365d0ee89cb407b90cc084eece8fcf9a8a2,0.21170108,0,0,3
8714dd031647be34d0d27f461894e7b194f25cd7,0.63670874,1,0,3
83406b73e70a251eec5daae34f1bd8d554cdddec,0.10729085,0,0,3
2f956f46580e5b4752173e885d37a20fe31a78d8,0.44877508,0,0,3
3f36b7b50bdda3eeca632ad5440bb82b8e34cb40,0.5009859,1,0,3
9962a0fd02fe2ef06765271605b06729af8b2e59,0.10503139,0,0,3
5294c64b342818e021800b38413f36f426e35b3c,0.40620273,0,0,3
5a45ae3b1deb5117cb9e9a13141eeab1e9ad3d71,0.3417518,0,0,3
efafa61992658eab64c893e9eef49f545d75673c,0.4359019,0,0,3
630830476a6270e317e84229996a6bf92bd903ca,0.6264874,1,1,3
14097c64d243794610788d3ebb2e81ba8fd867c0,0.7880871,1,1,3
f2615d9a611db401cdedc022112c87ad938b5680,0.6934134,1,1,3
a24d624aaabc14a455d18450d9127f88d1b4f8be,0.60080534,1,1,3
49169033546d893dae3db903a2fa6af712f125c0,0.7767397,1,1,3
fa7588c4c0f8d403e4815fa72e3b8a3bc98d73ec,0.67141193,1,1,3
367fe13b46a0b4dda56b7f12273d6c9afb1da23f,0.60894656,1,1,3
368588b5c5c4140f39ea8b9a8ceb3d1af0708804,0.5400241,1,1,3
30ee10d2740fe1f28595989c6b21f22b75a147fc,0.6808141,1,1,3
af9fd052d1c208f191fbdf85873f965552465598,0.7587588,1,1,3
0a711ebcec7d32b66ab3c90b2a1f48681201e557,0.74354017,1,1,3
a4acf53336a482f50335d33b4f650a70c9243b7b,0.69262844,1,1,3
c26fa78817f30cc3eb91165b783e07fb80d80f59,0.653562,1,1,3
944291b748bcfec4e2f3c17623884db7a17b9f21,0.61085695,1,1,3
c44f982e89b63a97190638cd12bd8bee2bafb883,0.48811695,0,1,3
fb46b941f7763314d667c437c06b1675e61c3d38,0.6485527,1,1,3
e9928c94ce1385ec72028336417f19f30ac38ac0,0.5686747,1,1,3
d4021487539b0f7758ec644f2e0d83df95c66bba,0.1207181,0,0,3
ac62c1c29f319a97a2552c39f32c8e6acd70c9e1,0.10581864,0,0,3
dc08bb8ea6cdf01188f6699559e779e6cc296287,0.7307743,1,0,3
82b8ecc3275d7c3578a6531ac3f1da3ffada9dcc,0.1483022,0,0,3
36ce032b612fc0a1156d28bca7327e06337c8815,0.45821884,0,0,3
2f22533ef41533e2b839a6b41b262dca59e6dbf9,0.6311659,1,0,3
39a3cd0f4210dbec1ae8ef39a87d34b76eac91a3,0.071858004,0,0,3
1f470253c46471033048383c027192e757480492,0.27936274,0,0,3
9c40a7bb3c9aca51d17490960c988dfb7b5acebb,0.20486735,0,0,3
7f8e952abc4d2fc4b96c97a51aa25fcf6ed8af02,0.46714267,0,0,3
bd0b5af025fab9cad8f94260138741c252f45fc8,0.29033023,0,0,3
e036d60d8a210d5ac28b2e5c51a45ceb82b58f09,0.5265256,1,0,3
626014eaf093fc2e3b53f5ad00c425bc209e1428,0.38741353,0,0,3
5c85b8dda5f3047732a17b818256b9289274d071,0.1184218,0,0,3
ea402becca436dc1a8e47ac9385a3db475b49355,0.16684006,0,0,3
255f10834a67cf13518316de0e2c8a345677ebbf,0.63817644,1,0,3
044de16c14076019f87763b7b58c45664ee57c11,0.24257225,0,0,3
e54ca615f213f5db6d34d9163c97eec98920d7a7,0.5793651,1,0,3
07a42d3ffd034e467e49b5c449d4f5f81c471cc5,0.1909374,0,0,3
e6da0f682436e1387ad68e86edf7418c0f7cb368,0.7200091,1,0,3
59ec4f018963eb55e32fafc2b924826c39c09682,0.62154466,1,0,3
ece4b70cce24b89483236b4cff079c10597d680a,0.42911765,0,0,3
09d28fe7995db1a4da2c651d362007d2082c663c,0.55776155,1,0,3
98c27699cbcf65c3d9d655ecbcd67adcd8b45b05,0.3023555,0,0,3
71cff7c5940b7101ff098601850d46b7a4698180,0.056139305,0,0,3
89e0607cf6470dda1a6a47b46abf37468df4e50f,0.19131641,0,0,3
6fb60857be1fed21bdacc4ce830bbf99103b6fdd,0.09768619,0,0,3
3634821fa515365618209f0452443728e7290fca,0.15230763,0,0,3
2fd62ee4d524c270764e9b91dca72e5cf1a005b7,0.122679666,0,0,3
a703ee75c40e0207f6831c4d48e1c7e62f160305,0.05228539,0,0,3
fd7cfed070c2aab60521afb7dcc633a0b7abea80,0.45021197,0,0,3
1de41ef4baeee1c95e245837299f8be265294445,0.5214361,1,0,3
9491d7a61681f7acc7103a6d1d45efe96f7981d2,0.503616,1,0,3
2d3203b10cc8edf71a6e3e0822f0d742c9516aa3,0.56024826,1,0,3
d55a572e5867832f6d5755fcd46101da51a38aa4,0.4318702,0,0,3
170cfa758547b4d9be50058ad93cf60ce0da5564,0.36690295,0,0,3
3783ca4476fec8186c867e4e57084e649c318c6b,0.16242231,0,0,3
4d996d1bac1bb1886cd9c473ba00e53e3c19cf3e,0.5378107,1,0,3
445cb9dc2f07553f8e1e5f7c1150f00fbb05c63f,0.4613427,0,0,3
ad80bfe559e7380fedd7998daea5f27393ab643b,0.5267089,1,0,3
3d2d4fd1588c8eb3f67f34d75b66967d0c7b06b6,0.09140852,0,0,3
d54fad867da7f762ac4c0d947adffdc1f8f356f1,0.121506885,0,0,3
12bbaf3550d56bc945b50f538b5f18af93bd316a,0.049481116,0,0,3
150c578edb161bdb2e8c039f0914984f570ef8f0,0.6351968,1,1,3
af977adc43a071a09652fea4ce3deba2d5b8d171,0.60411406,1,1,3
e021734b62ea5ac273e516b4ac83727cbb99ec08,0.58933413,1,1,3
b635beb6efc07a97c143775c78a32d42b3b73c8e,0.5320894,1,1,3
3fd2492fcce073f0c36e4d7e23e34881557e6e5e,0.51410365,1,1,3
a918c493296c88da94b36600213c7c188f2589b4,0.30049562,0,0,3
9181e1d536bafedcb3587ca30e5b6e2d66f06bf0,0.48518428,0,0,3
cc8bdf1d13639d12d02170d40cc4890180bbabc5,0.56546044,1,0,3
33ee5497490cbc97f3eabe9ef7a6391e4dbee8bc,0.52020234,1,0,3
dc61e510126aaa1a95a46fe39bf1529f394147e9,0.20611016,0,0,3
d320a457a9de67be25a03f79e1695d549a0145f3,0.57379234,1,0,3
94ae6c84d22ed33e158b3cc822ca4a0484c829c9,0.3755387,0,0,3
e9e36cdc44a68662885e35773187cca00d20239e,0.2480118,0,0,3
7d4041d827aed7d9f3eb14310b824a2faa96b8b4,0.13450035,0,0,3
6f5f99440e7117ee3bb6407e06745fff14bb2a4d,0.4464405,0,0,3
3eb4be60cf00c20e46b75fb72366dd0649700c2f,0.47016445,0,0,3
edbd9842cfca892b10c2e9c8da0384fe005cd67a,0.4999485,0,0,3
bc8e23808b9d8d0c9b67270ef35d04ebd9d89cc8,0.06972973,0,0,3
635e41ea181c5fee8860a7044c84ae3557b51189,0.5381538,1,0,3
c4ddbe6456c9631c301171098a8ac016eb4e582c,0.30472547,0,1,3
63f1d6b83bc10a2880f5ec17a172fab284d2eff5,0.67611957,1,1,3
10e18ae9b47dfe04573884739823d64825105694,0.7123118,1,1,3
d3252a5ca5571e0a97e9a31966ec6b847a3a8574,0.10774556,0,0,3
86c76dd5ea04d1881a52d79113d6dbb1d57c38a6,0.1325446,0,0,3
73a8fba6fb23af45ee77f52f33bb8d791a9caa05,0.13682935,0,0,3
e8db7237a9c347d2225fce9b49ff92bb741adffa,0.06775555,0,0,3
7af67bdd16a4f103bbe6334c5a865436c900adfe,0.82673484,1,0,3
71d7c3264239c55b6e2daf89c44c5685085f26dd,0.37483293,0,0,3
958029bdd45c3e341eb146031ed38b4487d7b0b7,0.321364,0,0,3
5556026ed1dc17e70946a4a030842ade3a33baeb,0.37261763,0,0,3
3c92830ec51fb6b6e9a7ca2fb8fda324cd33e48a,0.6082861,1,0,3
0fe9685c8a78ba2d780a3ec1e1a323990dc6d218,0.31248295,0,0,3
bd7788b384a87024ddd6bbe6a9bd9a167cf2ec12,0.582374,1,0,3
dfecbe970917754511a081f8b86efac211e624f6,0.11046604,0,0,3
ef51b068aef14fa347710497cfb67aa9c6e65c0d,0.1033482,0,0,3
173c162a45b4be6fcbf7a30c44d1953062a25086,0.46668398,0,0,3
c4c03a33c8b8b94eaf75d368473bdd10a21cd0df,0.5398439,1,0,3
2fefdc7dc3c9afbbe534ff69db5a754be0716b11,0.08658326,0,0,3
f525bc3ccd9cfb69603bd9778998263a458415d0,0.55810434,1,0,3
9072a7615a54d5e753cf088326d9e14f1a5a6751,0.15906025,0,0,3
11491d355da8a851d6badb6348b10d8c4acc9d8e,0.10914884,0,0,3
2bc2ffde1f4752e7a8c7ea0a51c559faae194786,0.555286,1,0,3
35f1cc00274122c0274b522d0b544a06faaba931,0.69319755,1,0,3
98817e88f04cc6757c42ae52d653b63cb85af486,0.68798447,1,0,3
83775c432382b9c0367362491d0dc515bf0e131c,0.15197581,0,0,3
a498b87dbcaa0a61c6088d7156258a3cb06638cb,0.64159083,1,0,3
34558845e3777afdc1bf90ebbcb2017ca17aea86,0.4644786,0,0,3
59985b43f0868d9a4a588d9ca1debd03108f8cd9,0.73875463,1,0,3
8ea1aa1e7cc427c28a89878fd2dfcb110c992b20,0.6364444,1,0,3
d4c7f63054e584b69024664bc2f221faf9863519,0.6675305,1,0,3
20c733229df741e57b8ac205788ece2d563b2f3d,0.6454003,1,0,3
3051264e1bc1d41a29c9dae7935c090568f64af4,0.623725,1,1,3
db0f2304bd7c3ced65cbdfe9e17e80fe0774c13c,0.6134769,1,1,3
2f67045b9647de10ea5d01d8d1e98ac7de3e1cfb,0.7573416,1,1,3
7ef106b23772995e4307f84afd1bee4e2337ce0c,0.7222703,1,1,3
71f6746f81bb9650f6f228ea204d85ba2c5b7392,0.76505333,1,1,3
2ed96f00f724c3331d6b56b6b5650b9632f43954,0.23125479,0,0,3
3720683699bb830a4aae6fb66a78ce7079ad2c56,0.534958,1,0,3
df37e605fe4b027406bd9dd85b320526ab12a122,0.15189144,0,0,3
4ad74f449258781e9df189413423ffd6ad95c526,0.12345533,0,0,3
d81ea83a0eb1761bb4e90a91f3b70f23f88a7d2a,0.81503665,1,0,3
e2c0ea4374c02539ad9bc6c4328b74f25eb72405,0.2618612,0,0,3
cf42ae522e12e9b412e1a1f008ea73cfd86a5979,0.12778817,0,0,3
fb7335ab163588fe6ee67ef26d3b3edad5cf4bd5,0.22358127,0,0,3
e580d35e1a07431109a5835411142bd1c1c2b3b7,0.8243701,1,0,3
ea60fbe0633082a131bbb18de94fa60a04eddcc4,0.09699143,0,0,3
90e31fd93fdcaedadcd4b030fbc20f7375672def,0.60703176,1,0,3
52adf52e4669b54399fa50f2624826c06a19cb7e,0.85959405,1,0,3
71e515ab6d2007d34d96df5604f74c6fba92c0d7,0.62277544,1,0,3
6d23e85570fe1139cf5ef3bc9b4e57ea73680b6e,0.24384612,0,0,3
cb83f7cb31e50f265e098c5380b3f0051e257f46,0.1666027,0,0,3
2584b4a0ef536e59bf28ba140844597a093d848d,0.5040961,1,0,3
cac520971206093d32bf17925f880bd06d93f736,0.07093983,0,0,3
6a99050166c945a226d5f8275ce4a9dca3518285,0.77898276,1,0,3
6dbb48c8e685f65f45ad5df9f7684bed910036c8,0.66456777,1,0,3
260e0e0cd21af7b03ab0dae33b4978233db67773,0.59921366,1,0,3
b5749b4f54b30c0c2050e456c12cfcf516434f13,0.07743535,0,0,3
07ec8ad2dd862c8669b2557b995ec5180663d73f,0.47037417,0,0,3
28656559d2fc67193a84d5cbc48d378b2016f74a,0.11221384,0,0,3
0add1e8975336c65513b26123d48b221e2515ddc,0.7101071,1,0,3
8e7ea70a33ecb8db5207849ea6371b4a5a8ffd26,0.82979554,1,0,3
6f653f6bb82757963a87d725808c080109e7e3e8,0.7327198,1,0,3
1974c83561d09cf73a575f992fbd8416e3354d20,0.58668584,1,0,3
37c20df721522b175bc9df3f06a361297010df5e,0.5604635,1,0,3
061450a927ba1cc65f7b984f4ff41866ec2eceac,0.54516315,1,0,3
60b32953a968e5623f82a6b27d6c679bc17c48e5,0.19985043,0,0,3
f175a241c811d2d0843026b2dde5c3ae308cfb95,0.29150218,0,0,3
ea1a69d638d97d5ffc451b32d240479357e02b0a,0.2541993,0,0,3
cae70c10b4451ee3b919764f72dc4a4caf0f6f27,0.5141547,1,0,3
c0c7112dcdeb75b521d55cd47d0c61be66b0499e,0.55671245,1,0,3
8d0214a7417addf790713440f10855dc279876fa,0.5814852,1,0,3
e2ec4f2fdb2bb8d97f64a33e9ac288d52854a530,0.3355155,0,0,3
fc73151cfca36ea2641f340700dbe339b9e1f103,0.6122436,1,0,3
dfc9888860bf192cedde21e5e843bc3caad4b74b,0.10724952,0,0,3
5f9e0851da9e74c12e04f5a62cb7aeb1a8ab7589,0.05951078,0,0,3
7d5a61ed64315bd6570c5cb55c1f53853a3fffa5,0.17621478,0,0,3
82152f41ac8a727c2f0042bd555452dc2dda11b1,0.090832375,0,0,3
6e710a1f78a4a733020a4b2d1f07b6fe4c6684f0,0.78879637,1,1,1
951b253fc38c09114d0fe273a3758a15c151a8b4,0.80988663,1,1,1
f3539c7eb312b127122084279002d3fd238c9a17,0.7187032,1,1,1
7aa5ba380ef6aea0f2f594873b4c7378adab0f18,0.56298286,1,1,1
def1380280b9be6d166d3938ea4b0254e9b55dc9,0.79694134,1,1,1
cc06ae9bf7a1fb6cee46c40d2a6388ac05d3f5d1,0.6996365,1,1,1
7972f1ac1b85a5174c9f293ad98abc87edfe42e6,0.19553207,0,1,1
bd1c4ff86fa21358949e925274f5b8146f5d02cd,0.7337571,1,0,1
be2aa80bc371d600ab2230c545051ea6454577f5,0.2757118,0,0,1
68b033741b02c3ae54d649e858790732bc5c2d27,0.7421518,1,0,1
4f5d25205a9cec988de300a452d641a155406b79,0.3312757,0,0,1
d1e97bc85338c563f4f732bcf917a08b3cbf4792,0.13914266,0,0,1
d40c01673e866c3c3b5b51bce66e9518924cc31c,0.10744347,0,0,1
5f7d5690a97b2ad95bbe381695638f0c7ca2c4ff,0.093589865,0,0,1
8d340a008767c5d954b7539e825b4c90eb15ab9b,0.5954041,1,0,1
84e490b66f61e11366b62efc42e64b60ae7db35b,0.7543001,1,0,1
fc939bf6838f4bf986e0b42fddee3df6712371a5,0.10180004,0,0,1
5c798eb50aec6040f415b6def1912d4345f8310d,0.668948,1,0,1
d1758567765117cd395ea47319d3acde7fc663b1,0.6570787,1,0,1
517b8beb06f63301629f0ec3f58f6b667061d3fd,0.60714656,1,0,1
5c715cd84d600c0df0215846efaece2ab4673546,0.6982547,1,0,1
dff4cea14174548f52d6fcc66c9bfd7a339b7336,0.7562909,1,0,1
02ae34d1d3f3c9f9c25160cb14c119958f25af13,0.7619659,1,0,1
8e0e1c32ff1ed1da4f09fc9917812e6457e6fef7,0.72982055,1,0,1
18c5b2536c114c86b810bb3ee94474fec596a462,0.5500121,1,0,1
c6e4d8c9f534d3e70e79bf718e40724d56186109,0.0975879,0,0,1
5b5ecff53b50a67179f6245bf60047c59f027e26,0.3001398,0,0,1
46dcd98ceb70720f96d4cfa23b001ff108bdaebe,0.39738914,0,0,1
dcbfc80c4a14b91194fc8b74760b079cc0a4ce42,0.6782106,1,0,1
23492711d234f2fa647bac46997e361bcf985423,0.75965106,1,0,1
f10279a29d47d389a31da907695673a992555adc,0.12453817,0,0,1
8d5925b52b48b4c69934ea5c48aa298a2ec74e84,0.14808048,0,0,1
a30aafa016409048747fe9730d6f7892eb12d7c5,0.74653584,1,0,1
a3611513fc4de7234ef49ae46d646b0795ac7110,0.20172253,0,0,1
d0eb1d1dd1d9aed27c433d78a76962340fcbfc1d,0.7829533,1,0,1
1ae9dfaf45e0a51ee7d604551f7e1932d1787975,0.69591516,1,0,1
1c2d56e8a91b0f64317a9e02cfd4b45b03d3019d,0.84407055,1,1,1
2cd92aa6e3f44df6b0552a28b83022a7f92f8946,0.71269315,1,1,1
79ad715f02e02af76da0c6e47c164a80768a01ab,0.8501605,1,1,1
e5b948a1687270192753993c998d61c7a91faf49,0.5892195,1,1,1
b81a48d78dd9be1c3eae57cece4c88df92c30247,0.63650066,1,1,1
0b873b95a840f8cfdb51f4ceea3b524d46d20715,0.47172722,0,1,1
e350a38760c93e373562d6a3e906df5904250146,0.8084731,1,1,1
660431cf4f7e2bda887a0e35ad3a76bdccc14110,0.11046902,0,0,1
f65e9aa63f8f266023a986507834585a9580c555,0.29234406,0,0,1
535cbcd9f20b29b3c5a5d69f654cde57969b3788,0.2801003,0,0,1
2d650f890ff1409f2944bc56cdc4b518b35e06f5,0.08494843,0,0,1
1c4f7bde1c8f7d8c0e09484daa626fa4f40e38e6,0.62313485,1,0,1
b9a22fb6f6f460287993d3cf087ae5ff036a6c21,0.097902745,0,0,1
14d6a09601b68f60e6b18142b597a6890e5d581b,0.12233379,0,0,1
54fdc54dd24c9ece2bfc32ca12e88545ec923a96,0.4854995,0,0,1
0ff7c091143e8326eb88dabce078ca76778a587b,0.69744605,1,0,1
32ed6601f216dd1300876719cce837bfa9824e26,0.523114,1,0,1
7df11e15457e8d8bf4e5730d20ec2412c429e091,0.6971474,1,0,1
15f7f84678a24533e42f2fde230c5f68d1b33035,0.1131693,0,0,1
2499f70cabfc8d17f2c6de124a81fc0940a70fa9,0.56640285,1,0,1
6526a5e83c1fb9644da34e44fdc5a3bb8a357c84,0.76291865,1,1,1
5904d90ade8663f5552b51036740352a9b796892,0.09037533,0,0,1
fdb75911387f77912c37dcee0af4a2f2e0977f3c,0.6720975,1,0,1
538a97b115ba4ea44c57898ac7c4fbb77fe0e9b7,0.09277485,0,0,1
fa0478f4f6fb724233dc3e00a9f8dc557ce7cdbf,0.07645568,0,0,1
ec81d7ca5100fd97fe8428db02a2cdde967ac87d,0.14097899,0,0,1
81c40b9820625d3f529b116baf6b4a3d45dd2f75,0.66159695,1,0,1
2b085ae34295d5ae1d7eaea5a55a2df220bf1bed,0.14184515,0,0,1
d6a354e203e4901d3eb6a36b3aba620fdb222da7,0.2837694,0,0,1
37787b96ab21fc226ff267aa26ae58a58b2d20f8,0.41340202,0,0,1
f2f704eabee027175b0c1eaf934c08e7721a9b24,0.08956866,0,0,1
e1fc87d2d57c2d7ee941e651f33b582fb000dd73,0.42316467,0,0,1
fa8f024d082998c7ae48b21f3eb6f8f2ca56a719,0.63068825,1,0,1
6bce493e47fdac9e64a9ae1cb3c358f31975a43a,0.5902624,1,0,1
9daac904cbc627e4a43e72f72159c552b25caf74,0.16570157,0,0,1
658d5a97c708a926b0425585f9437a0c1fc2b81c,0.5519348,1,0,1
db695fe90b181948f271e4970ec83d4de9348577,0.7440081,1,0,1
9c06ff87decab7357d44d8766f6a277ff887d921,0.38663685,0,0,1
198d448ceab2bc061d18a1a689056bd2b96b76c5,0.19043812,0,0,1
46b15af8c5fbfb026be350ae16eca89fcdc87aac,0.122909114,0,0,1
b7e86cdd772cc47a031d187b79d075af8155c2e0,0.06431153,0,0,1
198e589e62f687a91d4c27057ebad918e9f9bf3f,0.097793385,0,0,1
fa510146c09a498e25e590ef5cc558074337fc4f,0.6838564,1,1,1
badca06dd1c70207215c7186a31955901b637661,0.5317949,1,1,1
91ac1574aae31a29baf883d2cf45e4e1f5aa9bbf,0.3620069,0,1,1
82ca28e2ec8fe9771f01b5aab3386311ecab80df,0.6126373,1,1,1
9f8120beb6b351608652002e057f97f8f6c0dfc3,0.59868807,1,1,1
c66b23747627a2b432e0068561d457cab9f97ead,0.5949509,1,1,1
a6a5e3033d424468cbd3a6af051aabf3b5bd4d00,0.5610923,1,1,1
2902a9a3c07e881dd7aeae0a55189facfab1966c,0.76654315,1,1,1
fe487b3336f8279d8b74eff05c5ebfe6e01281f0,0.59561616,1,1,1
3076802a78f14eb1b4f23831d5a1ccec79b26554,0.73379797,1,1,1
5063d256221e7fe8a8c433401bea988d7ccb0a35,0.6009709,1,1,1
a6b9ca3f71d44dbe2562e13d63e4b30fcaccdf50,0.65211177,1,0,1
81fec3193ad12a0f78eb021c4a1548484595860b,0.4716207,0,0,1
902a680951f318488a4bbe0184a3a223c5709b01,0.18523388,0,0,1
b84f786db6d85cbf9973adfccdf135cb71824b87,0.46354434,0,0,1
a2b5c7a9aa0b5f617502bf6003d43913d507a11f,0.3573975,0,1,1
571725cb7bcf091b5457f1e2a857aa51e8a70f7e,0.65505075,1,1,1
10118c9c1b00d31868d6ab43e8171e3c16efdcfc,0.37716973,0,0,1
ee94e6d82370b6b6086cae2693dc2fe31388fb64,0.50715214,1,0,1
dc58a824466ed492fc6d5ab11960eb86584eff26,0.07694783,0,0,1
56c04300e8f05bdaccc2ec60fc751c09d86b7b68,0.1771982,0,0,1
03542311e2a461f0324ec700e98e78b5540bcff8,0.08170621,0,0,1
4746531428aaf9e3ae7d505b5a203350d138ea41,0.10338886,0,0,1
05b14fd01e43ab8a385bcfb53102a270ef2d9375,0.07095309,0,0,1
77868bf772a03d61701bc0d32dfafea63a0382c2,0.07112807,0,0,1
83fcd3e1e220b9f3aacc63aeb4da0a898684dd0b,0.085275404,0,0,1
dcde20001063fc25f622e4b1c7775f735a7255f0,0.0994636,0,0,1
82bd5be8735c01a767fc3ebc3eb92369ac68302d,0.08740363,0,0,1
e1188f368087ba4bcfada44d645e4f8661d7f9b2,0.09777415,0,0,1
2c03505da053d07cd3f729692738912bdfc2a5b7,0.6141018,1,0,1
3fd058c02a1f8881110409be33ad56d3af6386f6,0.61576325,1,0,1
bb3ddfe426cf4ff5390f742d35bdba02a4ce7624,0.76802766,1,1,1
09b1a632c17b34650d2bcf748be14690c9882e52,0.42892244,0,0,1
539e1ee1d68c27defd0aaad09a1a0b68e059de96,0.7325497,1,0,1
da69323b29fe8e373364b9399bc67523dcf2af62,0.11069939,0,0,1
c1ad21bf966d01dc5cceca82f102c0f7843d5617,0.5317077,1,0,1
efa756288e712849c78c4230df05c2d1abeba91e,0.45207164,0,0,1
2f757454dc41f4d130234aea68b348da4f12a0fa,0.53081644,1,0,1
24b5e00be753889e4907473ce57271acb290cb67,0.4393634,0,0,1
7f293a06a0b7ec9b554d51f150991efa9b7dd54e,0.09116368,0,0,1
95a524ea06e546330ec3d95b9c139b7edc599b86,0.6019002,1,0,1
314dfa80d4e815ba3c689cd3ad0d508209665bf6,0.09991385,0,0,1
c07d659cf8f7b16452472da6052a1de326bcb6a4,0.19486153,0,0,1
545536e34f180edd32fbb21b0a5613e6407f0980,0.18965201,0,0,1
225afb8bad88c9bbb70b24d9ac3c28fb21f39465,0.5330837,1,0,1
041e9565ab8b187ad0b88780a5fc0a5ea24f29a1,0.27651688,0,0,1
c4828bfd09ea8c579fa8840cd77733c64b8ebb39,0.18385737,0,0,1
dcaacf4cae54fe199055830f097d4ed504b3238c,0.084445395,0,0,1
6f22f4b49c2a3a59840d28e6cbe0c37a56ab1f90,0.47728312,0,0,1
41fefde64401d2173ff019a896c4dd72b4fa5636,0.5760242,1,0,1
080e96a6cdea2f5fe8727b8249044b89bc54395d,0.47926554,0,0,1
497147e3e6ba0a50c32817e14985ca5bf1041f9d,0.6500097,1,0,1
40708bdf04dae6aa49bf8f3617f2efc16c83c5f8,0.53051704,1,0,1
84ad767a87c69a265e9105c51efdd87ee57b8635,0.530275,1,0,1
f0e8d41fc8cc746ba9b66b72646db6bd8b25c6fc,0.7213955,1,0,1
df5930892d9c6eda392b96bdae2e7afd342f7866,0.7230619,1,1,1
0cdcb1fd8df9e9185cd3abb128d927d25d7de8b5,0.6536265,1,1,1
cf15c51722dd4b406876dce1ccd52eea787d84b7,0.5865559,1,1,1
b691f81b482175665b45cabc056e58ab0df03ff8,0.544132,1,1,1
fc8ef4d22c95b13b907ed14b19cea8ff5fd1e653,0.41914043,0,0,1
8054f746bbd6191f5a297cf6f7f26f9fefaba307,0.6502788,1,0,1
fa21d6f7e70f057c42d4af9c40ed47d3d841e5b6,0.66562253,1,0,1
bac647543497f0aa2a9f92fe726e1eb18631b4cc,0.51462495,1,0,1
cc6ace18900eb92606b6a312cb1ac5c4ab5f435e,0.6582136,1,1,1
c947676916c99f2feb5e183aef9629a1b21d863f,0.66008043,1,0,1
1f3dd9ff8a4f8302eb4c0bf4072d2bb7d8aeddd9,0.34071943,0,0,1
ca7f64f016d8354aecd38ef73405e1b3267ca791,0.7387285,1,1,1
06005610265c342b52051b997a43ad6e963c5a0f,0.780941,1,1,1
4a8068579ea5bf1e637f8bed09a203508abde315,0.7879884,1,1,1
30c217ec400b9175e9490807748ec3e48fe2ba22,0.8098227,1,1,1
d80acb29c04a8e92a3ddbc539b0be8a521098870,0.75492835,1,1,1
e43138b0b5f0912cb358c0e73eb6247b273eba75,0.6224387,1,1,1
1b84f2ee7a41e8ab12faa73130187763ee5858ea,0.13417795,0,0,1
4b5ef21ed6104befc80e1dd501f964e7ca6f1ce6,0.13336585,0,0,1
c6c1971ca1fb5054a0847b0884488165606bd703,0.6375899,1,0,1
68e0a9c71443738b1842e99925d37bf545f5a151,0.71483254,1,1,1
7ebc8107a22038c06c0b0ff095f9f73d854e1422,0.4911363,0,0,1
9003b5b5aa4465e84c934819f45c1ab4365dc51c,0.35299462,0,0,1
4b8647bf6ce2b478e6bc90d0158ce81939a14378,0.11567333,0,0,1
2d1614a2077eab0b981d4a0c4c6e10a7ecda71cf,0.45816606,0,0,1
3631295c437c5b8915afc7b2b259496eb2d5d782,0.13540956,0,0,1
b12610d35e7798c66fc1d9b0811d10aadb87569d,0.09148601,0,0,1
f3a785108f853e327001dcd435e92525d7fba96c,0.4971251,0,0,1
881a4ee8db1e1826b749579d2284ace982c953ca,0.08807742,0,0,1
e91d0f0510ee8d69c76ee89b4e57341418866c6b,0.1319275,0,0,1
8f7c59ce888a687a6c9089caf0c5469984a073b4,0.44212055,0,0,1
3c644cf87ec8c0e6313b3a10b6cfd66279b8093f,0.8109937,1,1,1
fb7e1e265dd9e560b3a3127a6593b6602f60026c,0.82037544,1,1,1
1c9c43c1d4bb76d7e47cdfc9c6681a38305a95e4,0.7923752,1,1,1
18f181ada7826542725fa4a9460307d606695b5d,0.74099,1,1,1
bb7e8951cb6ef08ca9df5fc036217c3a45c4d33c,0.073466234,0,0,1
e280c8636792c5426e54868d464c9d28287a98fb,0.17449608,0,0,1
54a7796ff234a9cbd2c66f8b1e5621f0898402f1,0.109086774,0,0,1
8e5867eda8328e4cb2e103d098d0c9f3c2fab50e,0.7415049,1,0,1
e42da5d9d21438c220768464b6a1f5b36bad92a5,0.13565877,0,0,1
c823ac5673e9da094a3b24b99987a533c548dac4,0.097954325,0,0,1
7573e9eec065ac1ccc2134aa751a191da3ca3dff,0.3490749,0,0,1
1cdc902f3d7cf877b4db7a31f19eb1dfd2fade3e,0.6601279,1,0,1
e9ea52189a92f7e2ab051e4d75c4e0c872034b18,0.4369815,0,0,1
ab0a2f761f4529daa0a1e7128ffb8ae417a0104d,0.69521666,1,0,1
7ebbaea90e8002f5542e22bbe92075ffb5383d2a,0.7459272,1,0,1
721730b00b1dc2ea616a3e7958e4ad15134de975,0.50928307,1,0,1
05aae985d9d0e26cf278cdd6f69672ebe3f8ed92,0.5106279,1,0,1
f7222ca6c3b6c1018a52fd649029394e6608f1db,0.68731993,1,0,1
b285f17023da248bdcb3093283e4b9e930bdd09c,0.6050415,1,0,1
af858a6ca224946195b1923a780678b20cb99603,0.8510794,1,0,1
fa027a4685bacd9e32b3bc7d875717b4457f6829,0.69610244,1,1,1
edf56632b8a5413f5e0adfe2d1b65e595b88a1d0,0.7964847,1,1,1
58693fbcb3236a9adb0f47088d88ee3ef7178cb4,0.8282455,1,1,1
91291520cfd5f6c2c91fc242018860c5d1d277e4,0.77980465,1,1,1
7bbba6995a12412cd7cbe1ca693057c5299ab4cb,0.81919104,1,1,1
ea030e732e3556a2a4fa51bcaabc080927ddfa48,0.7816007,1,1,1
310008f48c0a830138d35b3024106560d55b6bd2,0.8086395,1,1,1
ca22dac3f852c7290f60c3c3a5d66fbecfba91f4,0.15878418,0,0,1
bcba29320f5f6f860335266d6be8249418ceaedb,0.238407,0,0,1
9dc30fddc109504fc80fb62e33554d54cca47faf,0.876577,1,0,1
764f56955d499fae11db1aed6e7f0d2d0886e6f9,0.7598678,1,0,1
2933e5773b1d64a9348024b2a6e8dc6dc90e6590,0.7928659,1,0,1
0fa8bcc008b6a011d6fe41e64ea4379d0b57f20b,0.66271687,1,0,1
7897aa6a83a5e63da487e72c2735fb042259f6e4,0.09708311,0,0,1
3b501993588d27d91ad526a436e3a10ecc8d6e8b,0.7298549,1,0,1
b353d07bcca9fb62ac387d69d3e99004e27f14c0,0.6353942,1,0,1
6b43922648fe2dfcb4cb1aaaf5d795f00a6aa174,0.33610326,0,0,1
b268dfbb824ef307862e489aef7e71bba4cdcac5,0.7740206,1,0,1
b957ee1646d893fd946a8b9a53c779957ae7a240,0.7364373,1,0,1
996c0c164a083c3dc2fbf2768750e3b3a81d77e0,0.62108153,1,0,1
12ddf37f23cd77903729b3e611ffae10e96ded47,0.089754954,0,0,1
7e6304ce63da6c6341cb072abfd08caf0456328e,0.6883603,1,0,1
b9b73fbef5c0f18aaef22ef60442518d7f23ec83,0.37639457,0,0,1
675d4c8fc848ec5438e48deb2e8218b6f0078814,0.7440264,1,1,1
dc666f419e691e6a04342bdd9cf2e899455a8738,0.8625583,1,1,1
9bab875f03ffea0aacd1d92fbbecc96d491c1201,0.6125812,1,0,1
8d3d915dbd0ccf716f0d15b6b2396cff214d9cd3,0.7317896,1,0,1
326beb22c6aa872cbc0ad3706cfbe706bf9eab41,0.17793554,0,0,1
ad882055edb50369bd174ae56a372838aa89cdae,0.64374197,1,0,1
a7363a2ae67b585790896de45f57154474480fc9,0.655594,1,1,1
2bc9e7ea86a8cc1c3b2436c46115c87080228004,0.6669325,1,1,1
76f154179b8dc6940355d7fe7db468314ca39e84,0.5519228,1,0,1
4080feff61e8dc1cd4af2361990c33c9f1014147,0.6248446,1,0,1
97accb47de63ee5063eda23641c6017e29ab81d7,0.57145953,1,0,1
cde43197f980538e411d851735ac7a63ddd613e1,0.4090363,0,0,1
0dec6e76fb544fa3e8bf5fd17f16314735971dd7,0.58764184,1,0,1
f820d06fc0d1204b0cb386214ffeb42ccec669ec,0.68627197,1,0,1
566c4d59a177be4b65d17540576eeb34d28d24ce,0.63421106,1,0,1
a516976947341e0e18bcc0858d85d34cd0c02cdb,0.09155263,0,0,1
7200c43dea3dbfbd9d38b937c44b6e71744b05c5,0.67915106,1,0,1
596ccd59a11ad5e9fda19ccd0f4fc714d8d3394d,0.5671308,1,0,1
301ad592142079d36f4d33f5309c103c7f4f5dfb,0.34344718,0,0,1
